Time	V	A	mAh	SOC	SOD
0	4.14	1.03	1.00	99.98	0.02
10	4.13	1.03	4.00	99.92	0.08
20	4.12	1.03	10.00	99.80	0.20
50	4.11	1.02	18.00	99.63	0.37
80	4.11	1.02	27.00	99.45	0.55
110	4.10	1.02	35.00	99.29	0.71
140	4.10	1.02	44.00	99.10	0.90
170	4.10	1.02	52.00	98.94	1.06
200	4.09	1.02	61.00	98.76	1.24
230	4.09	1.02	69.00	98.59	1.41
260	4.08	1.02	78.00	98.41	1.59
290	4.08	1.01	86.00	98.24	1.76
320	4.07	1.01	95.00	98.06	1.94
350	4.07	1.01	103.00	97.90	2.10
380	4.07	1.01	112.00	97.71	2.29
410	4.07	1.01	120.00	97.55	2.45
440	4.06	1.01	129.00	97.37	2.63
470	4.06	1.01	136.00	97.22	2.78
500	4.06	1.01	136.00	97.22	2.78
530	4.06	1.01	153.00	96.88	3.12
560	4.06	1.01	161.00	96.71	3.29
590	4.06	1.01	170.00	96.53	3.47
620	4.06	1.01	178.00	96.37	3.63
650	4.05	1.01	176.00	96.41	3.59
740	4.04	1.00	211.00	95.69	4.31
860	4.04	1.00	246.00	94.98	5.02
980	4.03	1.00	279.00	94.31	5.69
1220	4.03	1.00	346.00	92.94	7.06
1400	4.02	1.00	396.00	91.92	8.08
1640	4.02	1.00	463.00	90.55	9.45
1850	4.02	1.00	521.00	89.37	10.63
1940	4.01	1.00	546.00	88.86	11.14
2180	4.01	1.00	612.00	87.51	12.49
2360	4.01	1.00	662.00	86.49	13.51
2480	4.00	1.00	696.00	85.80	14.20
2660	4.00	0.99	746.00	84.78	15.22
2780	3.99	0.99	779.00	84.10	15.90
2990	3.98	0.99	837.00	82.92	17.08
3200	3.97	0.99	895.00	81.73	18.27
3350	3.96	0.99	936.00	80.90	19.10
3470	3.96	0.98	969.00	80.22	19.78
3500	3.95	0.98	977.00	80.06	19.94
3650	3.94	0.98	1018.00	79.22	20.78
3770	3.93	0.98	1058.00	78.41	21.59
3920	3.92	0.98	1092.00	77.71	22.29
3950	3.92	0.97	1100.00	77.55	22.45
4040	3.91	0.97	1124.00	77.06	22.94
4190	3.90	0.97	1165.00	76.22	23.78
4310	3.89	0.97	1197.00	75.57	24.43
4490	3.88	0.97	1245.00	74.59	25.41
4610	3.88	0.96	1278.00	73.92	26.08
4640	3.87	0.96	1286.00	73.76	26.24
4820	3.86	0.96	1334.00	72.78	27.22
5000	3.85	0.96	1382.00	71.80	28.20
5210	3.84	0.96	1438.00	70.65	29.35
5450	3.83	0.95	1494.00	69.51	30.49
5660	3.82	0.95	1557.00	68.22	31.78
5900	3.81	0.95	1621.00	66.92	33.08
6200	3.80	0.95	1700.00	65.31	34.69
6350	3.80	0.94	1740.00	64.49	35.51
6440	3.79	0.94	1763.00	64.02	35.98
6620	3.78	0.94	1818.00	62.90	37.10
6890	3.77	0.94	1881.00	61.61	38.39
7100	3.76	0.94	1936.00	60.49	39.51
7250	3.76	0.93	1975.00	59.69	40.31
7340	3.75	0.93	1998.00	59.22	40.78
7550	3.74	0.93	2053.00	58.10	41.90
7760	3.73	0.93	2107.00	57.00	43.00
7940	3.72	0.93	2154.00	56.04	43.96
8060	3.72	0.92	2185.00	55.41	44.59
8150	3.71	0.92	2208.00	54.94	45.06
8360	3.70	0.92	2261.00	53.86	46.14
8510	3.69	0.92	2300.00	53.06	46.94
8720	3.68	0.92	2354.00	51.96	48.04
8840	3.68	0.91	2385.00	51.33	48.67
8960	3.67	0.91	2415.00	50.71	49.29
9110	3.66	0.91	2453.00	49.94	50.06
9290	3.65	0.91	2499.00	49.00	51.00
9470	3.64	0.91	2544.00	48.08	51.92
9590	3.64	0.90	2575.00	47.45	52.55
9680	3.63	0.90	2597.00	47.00	53.00
9890	3.62	0.90	2650.00	45.92	54.08
10100	3.61	0.90	2703.00	44.84	55.16
10340	3.60	0.90	2770.00	43.47	56.53
10490	3.60	0.89	2800.00	42.86	57.14
10610	3.59	0.89	2830.00	42.24	57.76
10850	3.58	0.89	2890.00	41.02	58.98
11090	3.57	0.89	2949.00	39.82	60.18
11360	3.56	0.89	3015.00	38.47	61.53
11510	3.56	0.88	3052.00	37.71	62.29
11630	3.55	0.88	3082.00	37.10	62.90
11870	3.54	0.88	3141.00	35.90	64.10
12080	3.53	0.88	3192.00	34.86	65.14
12380	3.52	0.88	3266.00	33.35	66.65
12470	3.52	0.87	3287.00	32.92	67.08
12560	3.51	0.87	3309.00	32.47	67.53
12800	3.50	0.87	3367.00	31.29	68.71
13010	3.49	0.87	3418.00	30.24	69.76
13220	3.48	0.87	3469.00	29.20	70.80
13340	3.48	0.86	3498.00	28.61	71.39
13400	3.47	0.86	3512.00	28.33	71.67
13580	3.46	0.86	3555.00	27.45	72.55
13760	3.45	0.86	3598.00	26.57	73.43
13940	3.44	0.86	3642.00	25.67	74.33
14030	3.44	0.85	3663.00	25.24	74.76
14120	3.43	0.85	3684.00	24.82	75.18
14300	3.42	0.85	3727.00	23.94	76.06
14510	3.41	0.85	3777.00	22.92	77.08
14780	3.40	0.85	3841.00	21.61	78.39
14960	3.40	0.84	3883.00	20.76	79.24
15020	3.39	0.84	3897.00	20.47	79.53
15230	3.38	0.84	3946.00	19.47	80.53
15410	3.37	0.84	3988.00	18.61	81.39
15590	3.36	0.84	4030.00	17.76	82.24
15680	3.36	0.83	4051.00	17.33	82.67
15740	3.35	0.83	4065.00	17.04	82.96
15860	3.34	0.83	4093.00	16.47	83.53
15920	3.33	0.83	4107.00	16.18	83.82
16040	3.32	0.83	4134.00	15.63	84.37
16070	3.32	0.82	4141.00	15.49	84.51
16130	3.31	0.82	4155.00	15.20	84.80
16220	3.30	0.82	4176.00	14.78	85.22
16310	3.29	0.82	4196.00	14.37	85.63
16400	3.28	0.82	4217.00	13.94	86.06
16460	3.27	0.81	4230.00	13.67	86.33
16550	3.26	0.81	4250.00	13.27	86.73
16610	3.25	0.81	4264.00	12.98	87.02
16700	3.24	0.81	4284.00	12.57	87.43
16760	3.23	0.80	4287.00	12.51	87.49
16820	3.22	0.80	4311.00	12.02	87.98
16880	3.21	0.80	4324.00	11.76	88.24
16970	3.20	0.80	4344.00	11.35	88.65
17030	3.19	0.79	4357.00	11.08	88.92
17090	3.18	0.79	4371.00	10.80	89.20
17150	3.17	0.79	4384.00	10.53	89.47
17210	3.16	0.79	4397.00	10.27	89.73
17270	3.15	0.78	4410.00	10.00	90.00
17300	3.14	0.78	4416.00	9.88	90.12
17360	3.13	0.78	4430.00	9.59	90.41
17420	3.12	0.78	4443.00	9.33	90.67
17480	3.11	0.77	4455.00	9.08	90.92
17540	3.10	0.77	4468.00	8.82	91.18
17600	3.09	0.77	4481.00	8.55	91.45
17660	3.08	0.77	4494.00	8.29	91.71
17720	3.07	0.76	4507.00	8.02	91.98
17780	3.06	0.76	4520.00	7.76	92.24
17840	3.05	0.76	4532.00	7.51	92.49
17900	3.04	0.76	4545.00	7.24	92.76
17960	3.03	0.75	4557.00	7.00	93.00
17990	3.02	0.75	4564.00	6.86	93.14
18050	3.01	0.75	4576.00	6.61	93.39
18110	3.00	0.75	4589.00	6.35	93.65
18170	2.99	0.74	4601.00	6.10	93.90
18230	2.98	0.74	4614.00	5.84	94.16
18260	2.97	0.74	4620.00	5.71	94.29
18290	2.96	0.74	4626.00	5.59	94.41
18320	2.96	0.73	4632.00	5.47	94.53
18350	2.95	0.73	4638.00	5.35	94.65
18380	2.94	0.73	4644.00	5.22	94.78
18500	2.92	0.72	4668.00	4.73	95.27
18560	2.90	0.72	4680.00	4.49	95.51
18710	2.86	0.71	4710.00	3.88	96.12
18770	2.84	0.71	4722.00	3.63	96.37
18800	2.83	0.70	4728.00	3.51	96.49
18890	2.80	0.70	4745.00	3.16	96.84
18980	2.77	0.69	4762.00	2.82	97.18
19040	2.75	0.68	4774.00	2.57	97.43
19130	2.70	0.67	4791.00	2.22	97.78
19160	2.69	0.67	4787.00	2.31	97.69
19190	2.68	0.66	4802.00	2.00	98.00
19220	2.66	0.66	4808.00	1.88	98.12
19280	2.63	0.65	4819.00	1.65	98.35
19310	2.61	0.65	4824.00	1.55	98.45
19340	2.59	0.64	4829.00	1.45	98.55
19370	2.57	0.64	4835.00	1.33	98.67
19400	2.55	0.63	4840.00	1.22	98.78
19430	2.53	0.63	4845.00	1.12	98.88
19460	2.50	0.62	4850.00	1.02	98.98
