seconds	V	A	mAh	SOC	SOD
0	4.19	0.00	0.00	100.00	0.00
10	4.12	1.03	2.86	99.94	0.06
40	4.11	1.02	11.36	99.77	0.23
70	4.10	1.02	19.86	99.60	0.40
100	4.09	1.02	28.36	99.43	0.57
130	4.09	1.02	36.86	99.26	0.74
160	4.08	1.02	45.36	99.09	0.91
190	4.08	1.01	53.78	98.92	1.08
220	4.08	1.01	62.19	98.76	1.24
250	4.07	1.01	70.61	98.59	1.41
280	4.07	1.01	79.03	98.42	1.58
310	4.07	1.01	87.44	98.25	1.75
340	4.06	1.01	95.86	98.08	1.92
370	4.06	1.01	104.28	97.91	2.09
400	4.06	1.01	112.69	97.75	2.25
430	4.06	1.01	121.11	97.58	2.42
460	4.06	1.01	129.53	97.41	2.59
490	4.05	1.01	137.94	97.24	2.76
520	4.05	1.01	146.36	97.07	2.93
550	4.05	1.01	154.78	96.90	3.10
580	4.05	1.01	163.19	96.74	3.26
610	4.04	1.01	171.61	96.57	3.43
640	4.04	1.01	180.03	96.40	3.60
670	4.04	1.01	188.44	96.23	3.77
700	4.04	1.01	196.86	96.06	3.94
730	4.04	1.00	205.19	95.90	4.10
760	4.04	1.00	213.53	95.73	4.27
790	4.04	1.00	221.86	95.56	4.44
820	4.03	1.00	230.19	95.40	4.60
850	4.03	1.00	238.53	95.23	4.77
880	4.03	1.00	246.86	95.06	4.94
910	4.03	1.00	255.19	94.90	5.10
940	4.03	1.00	263.53	94.73	5.27
970	4.03	1.00	271.86	94.56	5.44
1000	4.03	1.00	280.19	94.40	5.60
1030	4.03	1.00	288.53	94.23	5.77
1060	4.03	1.00	296.86	94.06	5.94
1090	4.03	1.00	305.19	93.90	6.10
1120	4.03	1.00	313.53	93.73	6.27
1150	4.02	1.00	321.86	93.56	6.44
1180	4.02	1.00	330.19	93.40	6.60
1210	4.02	1.00	338.53	93.23	6.77
1240	4.02	1.00	346.86	93.06	6.94
1270	4.02	1.00	355.19	92.90	7.10
1300	4.02	1.00	363.53	92.73	7.27
1330	4.02	1.00	371.86	92.56	7.44
1360	4.02	1.00	380.19	92.40	7.60
1390	4.02	1.00	388.53	92.23	7.77
1420	4.02	1.00	396.86	92.06	7.94
1450	4.02	1.00	405.19	91.90	8.10
1480	4.02	1.00	413.53	91.73	8.27
1510	4.02	1.00	421.86	91.56	8.44
1540	4.02	1.00	430.19	91.40	8.60
1570	4.01	1.00	438.53	91.23	8.77
1600	4.01	1.00	446.86	91.06	8.94
1630	4.01	1.00	455.19	90.90	9.10
1660	4.01	1.00	463.53	90.73	9.27
1690	4.01	1.00	471.86	90.56	9.44
1720	4.01	1.00	480.19	90.40	9.60
1750	4.01	1.00	488.53	90.23	9.77
1780	4.01	1.00	496.86	90.06	9.94
1810	4.01	1.00	505.19	89.90	10.10
1840	4.01	1.00	513.53	89.73	10.27
1870	4.01	1.00	521.86	89.56	10.44
1900	4.01	1.00	530.19	89.40	10.60
1930	4.01	1.00	538.53	89.23	10.77
1960	4.01	1.00	546.86	89.06	10.94
1990	4.01	1.00	555.19	88.90	11.10
2020	4.01	1.00	563.53	88.73	11.27
2050	4.00	1.00	571.86	88.56	11.44
2080	4.00	1.00	580.19	88.40	11.60
2110	4.00	1.00	588.53	88.23	11.77
2140	4.00	1.00	596.86	88.06	11.94
2170	4.00	1.00	605.19	87.90	12.10
2200	4.00	1.00	613.53	87.73	12.27
2230	4.00	1.00	621.86	87.56	12.44
2260	4.00	0.99	630.11	87.40	12.60
2290	4.00	0.99	638.36	87.23	12.77
2320	4.00	0.99	646.61	87.07	12.93
2350	4.00	0.99	654.86	86.90	13.10
2380	3.99	0.99	663.11	86.74	13.26
2410	3.99	0.99	671.36	86.57	13.43
2440	3.99	0.99	679.61	86.41	13.59
2470	3.99	0.99	687.86	86.24	13.76
2500	3.99	0.99	696.11	86.08	13.92
2530	3.99	0.99	704.36	85.91	14.09
2560	3.99	0.99	712.61	85.75	14.25
2590	3.99	0.99	720.86	85.58	14.42
2620	3.99	0.99	729.11	85.42	14.58
2650	3.99	0.99	737.36	85.25	14.75
2680	3.98	0.99	745.61	85.09	14.91
2710	3.98	0.99	753.86	84.92	15.08
2740	3.98	0.99	762.11	84.76	15.24
2770	3.98	0.99	770.36	84.59	15.41
2800	3.98	0.99	778.61	84.43	15.57
2830	3.98	0.99	786.86	84.26	15.74
2860	3.98	0.99	795.11	84.10	15.90
2890	3.98	0.99	803.36	83.93	16.07
2920	3.97	0.99	811.61	83.77	16.23
2950	3.97	0.99	819.86	83.60	16.40
2980	3.97	0.99	828.11	83.44	16.56
3010	3.97	0.99	836.36	83.27	16.73
3040	3.97	0.99	844.61	83.11	16.89
3070	3.97	0.99	852.86	82.94	17.06
3100	3.96	0.99	861.11	82.78	17.22
3130	3.96	0.99	869.36	82.61	17.39
3160	3.96	0.99	877.61	82.45	17.55
3190	3.96	0.98	885.78	82.28	17.72
3220	3.96	0.98	893.94	82.12	17.88
3250	3.95	0.98	902.11	81.96	18.04
3280	3.95	0.98	910.28	81.79	18.21
3310	3.95	0.98	918.44	81.63	18.37
3340	3.95	0.98	926.61	81.47	18.53
3370	3.95	0.98	934.78	81.30	18.70
3400	3.94	0.98	942.94	81.14	18.86
3430	3.94	0.98	951.11	80.98	19.02
3460	3.94	0.98	959.28	80.81	19.19
3490	3.94	0.98	967.44	80.65	19.35
3520	3.93	0.98	975.61	80.49	19.51
3550	3.93	0.98	983.78	80.32	19.68
3580	3.93	0.98	991.94	80.16	19.84
3610	3.93	0.98	1000.11	80.00	20.00
3640	3.93	0.98	1008.28	79.83	20.17
3670	3.92	0.98	1016.44	79.67	20.33
3700	3.92	0.98	1024.61	79.51	20.49
3730	3.92	0.98	1032.78	79.34	20.66
3760	3.92	0.97	1040.86	79.18	20.82
3790	3.92	0.97	1048.94	79.02	20.98
3820	3.92	0.97	1057.03	78.86	21.14
3850	3.91	0.97	1065.11	78.70	21.30
3880	3.91	0.97	1073.19	78.54	21.46
3910	3.91	0.97	1081.28	78.37	21.63
3940	3.91	0.97	1089.36	78.21	21.79
3970	3.90	0.97	1097.44	78.05	21.95
4000	3.90	0.97	1105.53	77.89	22.11
4030	3.90	0.97	1113.61	77.73	22.27
4060	3.89	0.97	1121.69	77.57	22.43
4090	3.89	0.97	1129.78	77.40	22.60
4120	3.89	0.97	1137.86	77.24	22.76
4150	3.89	0.97	1145.94	77.08	22.92
4180	3.89	0.97	1154.03	76.92	23.08
4210	3.88	0.97	1162.11	76.76	23.24
4240	3.88	0.97	1170.19	76.60	23.40
4270	3.88	0.96	1178.19	76.44	23.56
4300	3.88	0.96	1186.19	76.28	23.72
4330	3.88	0.96	1194.19	76.12	23.88
4360	3.87	0.96	1202.19	75.96	24.04
4390	3.87	0.96	1210.19	75.80	24.20
4420	3.87	0.96	1218.19	75.64	24.36
4450	3.86	0.96	1226.19	75.48	24.52
4480	3.86	0.96	1234.19	75.32	24.68
4510	3.86	0.96	1242.19	75.16	24.84
4540	3.86	0.96	1250.19	75.00	25.00
4570	3.86	0.96	1258.19	74.84	25.16
4600	3.86	0.96	1266.19	74.68	25.32
4630	3.85	0.96	1274.19	74.52	25.48
4660	3.85	0.96	1282.19	74.36	25.64
4690	3.85	0.96	1290.19	74.20	25.80
4720	3.85	0.96	1298.19	74.04	25.96
4750	3.85	0.96	1306.19	73.88	26.12
4780	3.84	0.96	1314.19	73.72	26.28
4810	3.84	0.96	1322.19	73.56	26.44
4840	3.84	0.96	1330.19	73.40	26.60
4870	3.84	0.96	1338.19	73.24	26.76
4900	3.84	0.95	1346.11	73.08	26.92
4930	3.84	0.95	1354.03	72.92	27.08
4960	3.83	0.95	1361.94	72.76	27.24
4990	3.83	0.95	1369.86	72.60	27.40
5020	3.83	0.95	1377.78	72.44	27.56
5050	3.83	0.95	1385.69	72.29	27.71
5080	3.83	0.95	1393.61	72.13	27.87
5110	3.83	0.95	1401.53	71.97	28.03
5140	3.83	0.95	1409.44	71.81	28.19
5170	3.82	0.95	1417.36	71.65	28.35
5200	3.82	0.95	1425.28	71.49	28.51
5230	3.82	0.95	1433.19	71.34	28.66
5260	3.82	0.95	1441.11	71.18	28.82
5290	3.82	0.95	1449.03	71.02	28.98
5320	3.82	0.95	1456.94	70.86	29.14
5350	3.82	0.95	1464.86	70.70	29.30
5380	3.81	0.95	1472.78	70.54	29.46
5410	3.81	0.95	1480.69	70.39	29.61
5440	3.81	0.95	1488.61	70.23	29.77
5470	3.81	0.95	1496.53	70.07	29.93
5500	3.81	0.95	1504.44	69.91	30.09
5530	3.81	0.95	1512.36	69.75	30.25
5560	3.81	0.95	1520.28	69.59	30.41
5590	3.81	0.95	1528.19	69.44	30.56
5620	3.81	0.95	1536.11	69.28	30.72
5650	3.81	0.95	1544.03	69.12	30.88
5680	3.80	0.95	1551.94	68.96	31.04
5710	3.80	0.95	1559.86	68.80	31.20
5740	3.80	0.95	1567.78	68.64	31.36
5770	3.80	0.95	1575.69	68.49	31.51
5800	3.80	0.95	1583.61	68.33	31.67
5830	3.80	0.94	1591.44	68.17	31.83
5860	3.80	0.94	1599.28	68.01	31.99
5890	3.80	0.94	1607.11	67.86	32.14
5920	3.79	0.94	1614.94	67.70	32.30
5950	3.79	0.94	1622.78	67.54	32.46
5980	3.79	0.94	1630.61	67.39	32.61
6010	3.79	0.94	1638.44	67.23	32.77
6040	3.79	0.94	1646.28	67.07	32.93
6070	3.79	0.94	1654.11	66.92	33.08
6100	3.79	0.94	1661.94	66.76	33.24
6130	3.79	0.94	1669.78	66.60	33.40
6160	3.79	0.94	1677.61	66.45	33.55
6190	3.78	0.94	1685.44	66.29	33.71
6220	3.78	0.94	1693.28	66.13	33.87
6250	3.78	0.94	1701.11	65.98	34.02
6280	3.78	0.94	1708.94	65.82	34.18
6310	3.78	0.94	1716.78	65.66	34.34
6340	3.78	0.94	1724.61	65.51	34.49
6370	3.78	0.94	1732.44	65.35	34.65
6400	3.78	0.94	1740.28	65.19	34.81
6430	3.77	0.94	1748.11	65.04	34.96
6460	3.77	0.94	1755.94	64.88	35.12
6490	3.77	0.94	1763.78	64.72	35.28
6520	3.77	0.94	1771.61	64.57	35.43
6550	3.77	0.94	1779.44	64.41	35.59
6580	3.77	0.94	1787.28	64.25	35.75
6610	3.77	0.94	1795.11	64.10	35.90
6640	3.77	0.94	1802.94	63.94	36.06
6670	3.76	0.94	1810.78	63.78	36.22
6700	3.76	0.94	1818.61	63.63	36.37
6730	3.76	0.94	1826.44	63.47	36.53
6760	3.76	0.94	1834.28	63.31	36.69
6790	3.76	0.94	1842.11	63.16	36.84
6820	3.76	0.93	1849.86	63.00	37.00
6850	3.76	0.93	1857.61	62.85	37.15
6880	3.76	0.93	1865.36	62.69	37.31
6910	3.76	0.93	1873.11	62.54	37.46
6940	3.75	0.93	1880.86	62.38	37.62
6970	3.75	0.93	1888.61	62.23	37.77
7000	3.75	0.93	1896.36	62.07	37.93
7030	3.75	0.93	1904.11	61.92	38.08
7060	3.75	0.93	1911.86	61.76	38.24
7090	3.75	0.93	1919.61	61.61	38.39
7120	3.74	0.93	1927.36	61.45	38.55
7150	3.74	0.93	1935.11	61.30	38.70
7180	3.74	0.93	1942.86	61.14	38.86
7210	3.74	0.93	1950.61	60.99	39.01
7240	3.74	0.93	1958.36	60.83	39.17
7270	3.74	0.93	1966.11	60.68	39.32
7300	3.73	0.93	1973.86	60.52	39.48
7330	3.73	0.93	1981.61	60.37	39.63
7360	3.73	0.93	1989.36	60.21	39.79
7390	3.73	0.93	1997.11	60.06	39.94
7420	3.73	0.93	2004.86	59.90	40.10
7450	3.73	0.93	2012.61	59.75	40.25
7480	3.73	0.93	2020.36	59.59	40.41
7510	3.72	0.93	2028.11	59.44	40.56
7540	3.72	0.93	2035.86	59.28	40.72
7570	3.72	0.93	2043.61	59.13	40.87
7600	3.72	0.92	2051.28	58.97	41.03
7630	3.72	0.92	2058.94	58.82	41.18
7660	3.71	0.92	2066.61	58.67	41.33
7690	3.71	0.92	2074.28	58.51	41.49
7720	3.71	0.92	2081.94	58.36	41.64
7750	3.71	0.92	2089.61	58.21	41.79
7780	3.71	0.92	2097.28	58.05	41.95
7810	3.71	0.92	2104.94	57.90	42.10
7840	3.70	0.92	2112.61	57.75	42.25
7870	3.70	0.92	2120.28	57.59	42.41
7900	3.70	0.92	2127.94	57.44	42.56
7930	3.70	0.92	2135.61	57.29	42.71
7960	3.69	0.92	2143.28	57.13	42.87
7990	3.69	0.92	2150.94	56.98	43.02
8020	3.69	0.92	2158.61	56.83	43.17
8050	3.69	0.92	2166.28	56.67	43.33
8080	3.69	0.92	2173.94	56.52	43.48
8110	3.68	0.92	2181.61	56.37	43.63
8140	3.68	0.92	2189.28	56.21	43.79
8170	3.68	0.91	2196.86	56.06	43.94
8200	3.68	0.91	2204.44	55.91	44.09
8230	3.68	0.91	2212.03	55.76	44.24
8260	3.67	0.91	2219.61	55.61	44.39
8290	3.67	0.91	2227.19	55.46	44.54
8320	3.67	0.91	2234.78	55.30	44.70
8350	3.67	0.91	2242.36	55.15	44.85
8380	3.67	0.91	2249.94	55.00	45.00
8410	3.66	0.91	2257.53	54.85	45.15
8440	3.66	0.91	2265.11	54.70	45.30
8470	3.66	0.91	2272.69	54.55	45.45
8500	3.66	0.91	2280.28	54.39	45.61
8530	3.66	0.91	2287.86	54.24	45.76
8560	3.65	0.91	2295.44	54.09	45.91
8590	3.65	0.91	2303.03	53.94	46.06
8620	3.65	0.91	2310.61	53.79	46.21
8650	3.64	0.91	2318.19	53.64	46.36
8680	3.64	0.91	2325.78	53.48	46.52
8710	3.64	0.90	2333.28	53.33	46.67
8740	3.63	0.90	2340.78	53.18	46.82
8770	3.63	0.90	2348.28	53.03	46.97
8800	3.63	0.90	2355.78	52.88	47.12
8830	3.63	0.90	2363.28	52.73	47.27
8860	3.63	0.90	2370.78	52.58	47.42
8890	3.62	0.90	2378.28	52.43	47.57
8920	3.62	0.90	2385.78	52.28	47.72
8950	3.62	0.90	2393.28	52.13	47.87
8980	3.61	0.90	2400.78	51.98	48.02
9010	3.61	0.90	2408.28	51.83	48.17
9040	3.61	0.90	2415.78	51.68	48.32
9070	3.61	0.90	2423.28	51.53	48.47
9100	3.61	0.90	2430.78	51.38	48.62
9130	3.60	0.90	2438.28	51.23	48.77
9160	3.60	0.90	2445.78	51.08	48.92
9190	3.60	0.89	2453.19	50.94	49.06
9220	3.59	0.89	2460.61	50.79	49.21
9250	3.59	0.89	2468.03	50.64	49.36
9280	3.59	0.89	2475.44	50.49	49.51
9310	3.59	0.89	2482.86	50.34	49.66
9340	3.59	0.89	2490.28	50.19	49.81
9370	3.58	0.89	2497.69	50.05	49.95
9400	3.58	0.89	2505.11	49.90	50.10
9430	3.58	0.89	2512.53	49.75	50.25
9460	3.58	0.89	2519.94	49.60	50.40
9490	3.58	0.89	2527.36	49.45	50.55
9520	3.57	0.89	2534.78	49.30	50.70
9550	3.57	0.89	2542.19	49.16	50.84
9580	3.57	0.89	2549.61	49.01	50.99
9610	3.57	0.89	2557.03	48.86	51.14
9640	3.57	0.89	2564.44	48.71	51.29
9670	3.57	0.89	2571.86	48.56	51.44
9700	3.56	0.89	2579.28	48.41	51.59
9730	3.56	0.89	2586.69	48.27	51.73
9760	3.56	0.89	2594.11	48.12	51.88
9790	3.56	0.89	2601.53	47.97	52.03
9820	3.56	0.88	2608.86	47.82	52.18
9850	3.56	0.88	2616.19	47.68	52.32
9880	3.56	0.88	2623.53	47.53	52.47
9910	3.55	0.88	2630.86	47.38	52.62
9940	3.55	0.88	2638.19	47.24	52.76
9970	3.55	0.88	2645.53	47.09	52.91
10000	3.55	0.88	2652.86	46.94	53.06
10030	3.55	0.88	2660.19	46.80	53.20
10060	3.54	0.88	2667.53	46.65	53.35
10090	3.54	0.88	2674.86	46.50	53.50
10120	3.54	0.88	2682.19	46.36	53.64
10150	3.53	0.88	2689.53	46.21	53.79
10180	3.53	0.88	2696.86	46.06	53.94
10210	3.53	0.88	2704.19	45.92	54.08
10240	3.53	0.88	2711.53	45.77	54.23
10270	3.53	0.88	2718.86	45.62	54.38
10300	3.52	0.88	2726.19	45.48	54.52
10330	3.52	0.88	2733.53	45.33	54.67
10360	3.52	0.87	2740.78	45.18	54.82
10390	3.51	0.87	2748.03	45.04	54.96
10420	3.51	0.87	2755.28	44.89	55.11
10450	3.51	0.87	2762.53	44.75	55.25
10480	3.51	0.87	2769.78	44.60	55.40
10510	3.50	0.87	2777.03	44.46	55.54
10540	3.50	0.87	2784.28	44.31	55.69
10570	3.50	0.87	2791.53	44.17	55.83
10600	3.49	0.87	2798.78	44.02	55.98
10630	3.49	0.87	2806.03	43.88	56.12
10660	3.49	0.87	2813.28	43.73	56.27
10690	3.49	0.87	2820.53	43.59	56.41
10720	3.49	0.87	2827.78	43.44	56.56
10750	3.48	0.87	2835.03	43.30	56.70
10780	3.48	0.87	2842.28	43.15	56.85
10810	3.48	0.87	2849.53	43.01	56.99
10840	3.48	0.87	2856.78	42.86	57.14
10870	3.47	0.87	2864.03	42.72	57.28
10900	3.47	0.87	2871.28	42.57	57.43
10930	3.47	0.87	2878.53	42.43	57.57
10960	3.47	0.87	2885.78	42.28	57.72
10990	3.46	0.86	2892.94	42.14	57.86
11020	3.46	0.86	2900.11	42.00	58.00
11050	3.46	0.86	2907.28	41.85	58.15
11080	3.46	0.86	2914.44	41.71	58.29
11110	3.46	0.86	2921.61	41.57	58.43
11140	3.46	0.86	2928.78	41.42	58.58
11170	3.45	0.86	2935.94	41.28	58.72
11200	3.45	0.86	2943.11	41.14	58.86
11230	3.45	0.86	2950.28	40.99	59.01
11260	3.44	0.86	2957.44	40.85	59.15
11290	3.44	0.86	2964.61	40.71	59.29
11320	3.44	0.86	2971.78	40.56	59.44
11350	3.44	0.86	2978.94	40.42	59.58
11380	3.44	0.85	2986.03	40.28	59.72
11410	3.43	0.85	2993.11	40.14	59.86
11440	3.43	0.85	3000.19	40.00	60.00
11470	3.43	0.85	3007.28	39.85	60.15
11500	3.43	0.85	3014.36	39.71	60.29
11530	3.43	0.85	3021.44	39.57	60.43
11560	3.42	0.85	3028.53	39.43	60.57
11590	3.42	0.85	3035.61	39.29	60.71
11620	3.42	0.85	3042.69	39.15	60.85
11650	3.42	0.85	3049.78	39.00	61.00
11680	3.42	0.85	3056.86	38.86	61.14
11710	3.41	0.85	3063.94	38.72	61.28
11740	3.41	0.85	3071.03	38.58	61.42
11770	3.41	0.85	3078.11	38.44	61.56
11800	3.41	0.85	3085.19	38.30	61.70
11830	3.41	0.85	3092.28	38.15	61.85
11860	3.41	0.85	3099.36	38.01	61.99
11890	3.40	0.85	3106.44	37.87	62.13
11920	3.40	0.85	3113.53	37.73	62.27
11950	3.40	0.84	3120.53	37.59	62.41
11980	3.40	0.84	3127.53	37.45	62.55
12010	3.40	0.84	3134.53	37.31	62.69
12040	3.40	0.84	3141.53	37.17	62.83
12070	3.39	0.84	3148.53	37.03	62.97
12100	3.39	0.84	3155.53	36.89	63.11
12130	3.39	0.84	3162.53	36.75	63.25
12160	3.38	0.84	3169.53	36.61	63.39
12190	3.38	0.84	3176.53	36.47	63.53
12220	3.38	0.84	3183.53	36.33	63.67
12250	3.38	0.84	3190.53	36.19	63.81
12280	3.38	0.84	3197.53	36.05	63.95
12310	3.37	0.84	3204.53	35.91	64.09
12340	3.37	0.84	3211.53	35.77	64.23
12370	3.37	0.84	3218.53	35.63	64.37
12400	3.37	0.84	3225.53	35.49	64.51
12430	3.37	0.84	3232.53	35.35	64.65
12460	3.36	0.84	3239.53	35.21	64.79
12490	3.36	0.84	3246.53	35.07	64.93
12520	3.36	0.83	3253.44	34.93	65.07
12550	3.36	0.83	3260.36	34.79	65.21
12580	3.35	0.83	3267.28	34.65	65.35
12610	3.35	0.83	3274.19	34.52	65.48
12640	3.35	0.83	3281.11	34.38	65.62
12670	3.35	0.83	3288.03	34.24	65.76
12700	3.34	0.83	3294.94	34.10	65.90
12730	3.34	0.83	3301.86	33.96	66.04
12760	3.34	0.83	3308.78	33.82	66.18
12790	3.34	0.83	3315.69	33.69	66.31
12820	3.33	0.83	3322.61	33.55	66.45
12850	3.33	0.83	3329.53	33.41	66.59
12880	3.33	0.83	3336.44	33.27	66.73
12910	3.33	0.83	3343.36	33.13	66.87
12940	3.33	0.83	3350.28	32.99	67.01
12970	3.32	0.83	3357.19	32.86	67.14
13000	3.32	0.83	3364.11	32.72	67.28
13030	3.32	0.83	3371.03	32.58	67.42
13060	3.32	0.82	3377.86	32.44	67.56
13090	3.32	0.82	3384.69	32.31	67.69
13120	3.32	0.82	3391.53	32.17	67.83
13150	3.31	0.82	3398.36	32.03	67.97
13180	3.31	0.82	3405.19	31.90	68.10
13210	3.31	0.82	3412.03	31.76	68.24
13240	3.31	0.82	3418.86	31.62	68.38
13270	3.30	0.82	3425.69	31.49	68.51
13300	3.30	0.82	3432.53	31.35	68.65
13330	3.30	0.82	3439.36	31.21	68.79
13360	3.30	0.82	3446.19	31.08	68.92
13390	3.30	0.82	3453.03	30.94	69.06
13420	3.29	0.82	3459.86	30.80	69.20
13450	3.29	0.82	3466.69	30.67	69.33
13480	3.29	0.82	3473.53	30.53	69.47
13510	3.29	0.82	3480.36	30.39	69.61
13540	3.29	0.82	3487.19	30.26	69.74
13570	3.28	0.82	3494.03	30.12	69.88
13600	3.28	0.81	3500.78	29.98	70.02
13630	3.28	0.81	3507.53	29.85	70.15
13660	3.28	0.81	3514.28	29.71	70.29
13690	3.27	0.81	3521.03	29.58	70.42
13720	3.27	0.81	3527.78	29.44	70.56
13750	3.27	0.81	3534.53	29.31	70.69
13780	3.27	0.81	3541.28	29.17	70.83
13810	3.27	0.81	3548.03	29.04	70.96
13840	3.26	0.81	3554.78	28.90	71.10
13870	3.26	0.81	3561.53	28.77	71.23
13900	3.26	0.81	3568.28	28.63	71.37
13930	3.26	0.81	3575.03	28.50	71.50
13960	3.25	0.81	3581.78	28.36	71.64
13990	3.25	0.81	3588.53	28.23	71.77
14020	3.25	0.81	3595.28	28.09	71.91
14050	3.25	0.81	3602.03	27.96	72.04
14080	3.25	0.81	3608.78	27.82	72.18
14110	3.25	0.81	3615.53	27.69	72.31
14140	3.25	0.81	3622.28	27.55	72.45
14170	3.25	0.80	3628.94	27.42	72.58
14200	3.24	0.80	3635.61	27.29	72.71
14230	3.24	0.80	3642.28	27.15	72.85
14260	3.24	0.80	3648.94	27.02	72.98
14290	3.23	0.80	3655.61	26.89	73.11
14320	3.23	0.80	3662.28	26.75	73.25
14350	3.23	0.80	3668.94	26.62	73.38
14380	3.23	0.80	3675.61	26.49	73.51
14410	3.22	0.80	3682.28	26.35	73.65
14440	3.22	0.80	3688.94	26.22	73.78
14470	3.22	0.80	3695.61	26.09	73.91
14500	3.22	0.80	3702.28	25.95	74.05
14530	3.22	0.80	3708.94	25.82	74.18
14560	3.22	0.80	3715.61	25.69	74.31
14590	3.22	0.80	3722.28	25.55	74.45
14620	3.21	0.80	3728.94	25.42	74.58
14650	3.21	0.80	3735.61	25.29	74.71
14680	3.21	0.80	3742.28	25.15	74.85
14710	3.21	0.80	3748.94	25.02	74.98
14740	3.21	0.80	3755.61	24.89	75.11
14770	3.21	0.80	3762.28	24.75	75.25
14800	3.20	0.80	3768.94	24.62	75.38
14830	3.20	0.80	3775.61	24.49	75.51
14860	3.20	0.80	3782.28	24.35	75.65
14890	3.20	0.79	3788.86	24.22	75.78
14920	3.20	0.79	3795.44	24.09	75.91
14950	3.20	0.79	3802.03	23.96	76.04
14980	3.19	0.79	3808.61	23.83	76.17
15010	3.19	0.79	3815.19	23.70	76.30
15040	3.19	0.79	3821.78	23.56	76.44
15070	3.19	0.79	3828.36	23.43	76.57
15100	3.18	0.79	3834.94	23.30	76.70
15130	3.18	0.79	3841.53	23.17	76.83
15160	3.18	0.79	3848.11	23.04	76.96
15190	3.18	0.79	3854.69	22.91	77.09
15220	3.18	0.79	3861.28	22.77	77.23
15250	3.18	0.79	3867.86	22.64	77.36
15280	3.18	0.79	3874.44	22.51	77.49
15310	3.17	0.79	3881.03	22.38	77.62
15340	3.17	0.79	3887.61	22.25	77.75
15370	3.17	0.79	3894.19	22.12	77.88
15400	3.17	0.79	3900.78	21.98	78.02
15430	3.17	0.79	3907.36	21.85	78.15
15460	3.16	0.79	3913.94	21.72	78.28
15490	3.16	0.79	3920.53	21.59	78.41
15520	3.16	0.79	3927.11	21.46	78.54
15550	3.16	0.79	3933.69	21.33	78.67
15580	3.16	0.78	3940.19	21.20	78.80
15610	3.16	0.78	3946.69	21.07	78.93
15640	3.16	0.78	3953.19	20.94	79.06
15670	3.15	0.78	3959.69	20.81	79.19
15700	3.15	0.78	3966.19	20.68	79.32
15730	3.15	0.78	3972.69	20.55	79.45
15760	3.15	0.78	3979.19	20.42	79.58
15790	3.15	0.78	3985.69	20.29	79.71
15820	3.15	0.78	3992.19	20.16	79.84
15850	3.14	0.78	3998.69	20.03	79.97
15880	3.14	0.78	4005.19	19.90	80.10
15910	3.14	0.78	4011.69	19.77	80.23
15940	3.14	0.78	4018.19	19.64	80.36
15970	3.14	0.78	4024.69	19.51	80.49
16000	3.13	0.78	4031.19	19.38	80.62
16030	3.13	0.78	4037.69	19.25	80.75
16060	3.13	0.78	4044.19	19.12	80.88
16090	3.13	0.78	4050.69	18.99	81.01
16120	3.13	0.78	4057.19	18.86	81.14
16150	3.12	0.78	4063.69	18.73	81.27
16180	3.12	0.78	4070.19	18.60	81.40
16210	3.12	0.78	4076.69	18.47	81.53
16240	3.12	0.77	4083.11	18.34	81.66
16270	3.12	0.77	4089.53	18.21	81.79
16300	3.11	0.77	4095.94	18.08	81.92
16330	3.11	0.77	4102.36	17.95	82.05
16360	3.11	0.77	4108.78	17.82	82.18
16390	3.11	0.77	4115.19	17.70	82.30
16420	3.11	0.77	4121.61	17.57	82.43
16450	3.10	0.77	4128.03	17.44	82.56
16480	3.10	0.77	4134.44	17.31	82.69
16510	3.10	0.77	4140.86	17.18	82.82
16540	3.10	0.77	4147.28	17.05	82.95
16570	3.10	0.77	4153.69	16.93	83.07
16600	3.09	0.77	4160.11	16.80	83.20
16630	3.09	0.77	4166.53	16.67	83.33
16660	3.09	0.77	4172.94	16.54	83.46
16690	3.09	0.77	4179.36	16.41	83.59
16720	3.09	0.77	4185.78	16.28	83.72
16750	3.08	0.77	4192.19	16.16	83.84
16780	3.08	0.77	4198.61	16.03	83.97
16810	3.08	0.77	4205.03	15.90	84.10
16840	3.08	0.76	4211.36	15.77	84.23
16870	3.07	0.76	4217.69	15.65	84.35
16900	3.07	0.76	4224.03	15.52	84.48
16930	3.07	0.76	4230.36	15.39	84.61
16960	3.07	0.76	4236.69	15.27	84.73
16990	3.07	0.76	4243.03	15.14	84.86
17020	3.06	0.76	4249.36	15.01	84.99
17050	3.06	0.76	4255.69	14.89	85.11
17080	3.06	0.76	4262.03	14.76	85.24
17110	3.06	0.76	4268.36	14.63	85.37
17140	3.06	0.76	4274.69	14.51	85.49
17170	3.05	0.76	4281.03	14.38	85.62
17200	3.05	0.76	4287.36	14.25	85.75
17230	3.05	0.76	4293.69	14.13	85.87
17260	3.04	0.76	4300.03	14.00	86.00
17290	3.04	0.76	4306.36	13.87	86.13
17320	3.04	0.75	4312.61	13.75	86.25
17350	3.03	0.75	4318.86	13.62	86.38
17380	3.03	0.75	4325.11	13.50	86.50
17410	3.03	0.75	4331.36	13.37	86.63
17440	3.03	0.75	4337.61	13.25	86.75
17470	3.03	0.75	4343.86	13.12	86.88
17500	3.02	0.75	4350.11	13.00	87.00
17530	3.02	0.75	4356.36	12.87	87.13
17560	3.02	0.75	4362.61	12.75	87.25
17590	3.02	0.75	4368.86	12.62	87.38
17620	3.01	0.75	4375.11	12.50	87.50
17650	3.01	0.75	4381.36	12.37	87.63
17680	3.01	0.75	4387.61	12.25	87.75
17710	3.01	0.75	4393.86	12.12	87.88
17740	3.00	0.75	4400.11	12.00	88.00
17770	3.00	0.75	4406.36	11.87	88.13
17800	3.00	0.74	4412.53	11.75	88.25
17830	2.99	0.74	4418.69	11.63	88.37
17860	2.99	0.74	4424.86	11.50	88.50
17890	2.99	0.74	4431.03	11.38	88.62
17920	2.99	0.74	4437.19	11.26	88.74
17950	2.98	0.74	4443.36	11.13	88.87
17980	2.98	0.74	4449.53	11.01	88.99
18010	2.98	0.74	4455.69	10.89	89.11
18040	2.98	0.74	4461.86	10.76	89.24
18070	2.97	0.74	4468.03	10.64	89.36
18100	2.97	0.74	4474.19	10.52	89.48
18130	2.97	0.74	4480.36	10.39	89.61
18160	2.96	0.74	4486.53	10.27	89.73
18190	2.96	0.74	4492.69	10.15	89.85
18220	2.96	0.73	4498.78	10.02	89.98
18250	2.95	0.73	4504.86	9.90	90.10
18280	2.95	0.73	4510.94	9.78	90.22
18310	2.95	0.73	4517.03	9.66	90.34
18340	2.95	0.73	4523.11	9.54	90.46
18370	2.94	0.73	4529.19	9.42	90.58
18400	2.94	0.73	4535.28	9.29	90.71
18430	2.93	0.73	4541.36	9.17	90.83
18460	2.93	0.73	4547.44	9.05	90.95
18490	2.93	0.73	4553.53	8.93	91.07
18520	2.93	0.73	4559.61	8.81	91.19
18550	2.92	0.73	4565.69	8.69	91.31
18580	2.92	0.72	4571.69	8.57	91.43
18610	2.91	0.72	4577.69	8.45	91.55
18640	2.91	0.72	4583.69	8.33	91.67
18670	2.91	0.72	4589.69	8.21	91.79
18700	2.90	0.72	4595.69	8.09	91.91
18730	2.90	0.72	4601.69	7.97	92.03
18760	2.85	0.71	4607.61	7.85	92.15
18790	2.81	0.70	4613.44	7.73	92.27
18820	2.78	0.69	4619.19	7.62	92.38
18850	2.75	0.68	4624.86	7.50	92.50
18880	2.73	0.68	4630.53	7.39	92.61
18910	2.72	0.67	4636.11	7.28	92.72
18940	2.70	0.67	4641.69	7.17	92.83
18970	2.69	0.67	4647.28	7.05	92.95
19000	2.68	0.67	4652.86	6.94	93.06
19030	2.66	0.66	4658.36	6.83	93.17
19060	2.67	0.66	4663.86	6.72	93.28
19090	2.66	0.66	4669.36	6.61	93.39
19120	2.65	0.66	4674.86	6.50	93.50
19150	2.65	0.66	4680.36	6.39	93.61
19180	2.64	0.66	4685.86	6.28	93.72
19210	2.63	0.65	4691.28	6.17	93.83
19240	2.63	0.65	4696.69	6.07	93.93
19270	2.62	0.65	4702.11	5.96	94.04
19300	2.61	0.65	4707.53	5.85	94.15
19330	2.60	0.65	4712.94	5.74	94.26
19360	2.60	0.64	4718.28	5.63	94.37
19390	2.59	0.64	4723.61	5.53	94.47
19420	2.58	0.64	4728.94	5.42	94.58
19450	2.58	0.64	4734.28	5.31	94.69
19480	2.57	0.63	4739.53	5.21	94.79
19510	2.56	0.63	4744.78	5.10	94.90
19540	2.55	0.63	4750.03	5.00	95.00
19570	2.54	0.63	4755.28	4.89	95.11
19600	2.54	0.63	4760.53	4.79	95.21
19630	2.53	0.63	4765.78	4.68	95.32
19660	2.52	0.62	4770.94	4.58	95.42
19690	2.51	0.61	4776.03	4.48	95.52
19720	2.50	0.60	4781.03	4.38	95.62
