seconds	V	A	mAh
0	2.69	0.09	0.00
30	2.70	0.09	0.75
60	2.72	0.09	1.50
90	2.73	0.09	2.25
120	2.74	0.09	3.00
150	2.75	0.09	3.75
180	2.76	0.09	4.50
210	2.77	0.09	5.25
240	2.77	0.09	6.00
270	2.78	0.09	6.75
300	2.79	0.09	7.50
330	2.80	0.09	8.25
360	2.80	0.09	9.00
390	2.81	0.09	9.75
420	2.81	0.09	10.50
450	2.82	0.09	11.25
480	2.83	0.09	12.00
510	2.83	0.09	12.75
540	2.83	0.09	13.50
570	2.83	0.09	14.25
600	2.84	0.09	15.00
630	2.84	0.09	15.75
660	2.84	0.09	16.50
690	2.85	0.09	17.25
720	2.85	0.09	18.00
750	2.85	0.09	18.75
780	2.86	0.09	19.50
810	2.86	0.09	20.25
840	2.86	0.09	21.00
870	2.86	0.09	21.75
900	2.87	0.09	22.50
930	2.87	0.09	23.25
960	2.87	0.09	24.00
990	2.87	0.09	24.75
1020	2.88	0.09	25.50
1050	2.88	0.09	26.25
1080	2.88	0.09	27.00
1110	2.88	0.09	27.75
1140	2.88	0.09	28.50
1170	2.89	0.09	29.25
1200	2.89	0.09	30.00
1230	2.89	0.09	30.75
1260	2.89	0.09	31.50
1290	2.89	0.09	32.25
1320	2.90	0.09	33.00
1350	2.90	0.09	33.75
1380	2.90	0.09	34.50
1410	2.90	0.09	35.25
1420	2.98	0.98	37.97
1430	3.00	0.98	40.69
1440	3.02	0.98	48.86
1470	3.05	0.98	57.03
1500	3.08	0.98	65.19
1530	3.09	0.98	73.36
1560	3.10	0.98	81.53
1590	3.11	0.98	89.69
1620	3.12	0.98	97.86
1650	3.13	0.98	106.03
1680	3.14	0.98	114.19
1710	3.15	0.98	122.36
1740	3.16	0.98	130.53
1770	3.17	0.98	138.69
1800	3.17	0.98	146.86
1830	3.18	0.98	155.03
1860	3.19	0.98	163.19
1890	3.19	0.98	171.36
1920	3.20	0.98	179.53
1950	3.21	0.98	187.69
1980	3.21	0.98	195.86
2010	3.22	0.98	204.03
2040	3.23	0.98	212.19
2070	3.23	0.98	220.36
2100	3.24	0.98	228.53
2130	3.24	0.98	236.69
2160	3.25	0.98	244.86
2190	3.25	0.98	253.03
2220	3.26	0.98	261.19
2250	3.26	0.98	269.36
2280	3.27	0.98	277.53
2310	3.28	0.98	285.69
2340	3.28	0.98	293.86
2370	3.29	0.98	302.03
2400	3.29	0.98	310.19
2430	3.30	0.98	318.36
2460	3.31	0.98	326.53
2490	3.31	0.98	334.69
2520	3.31	0.98	342.86
2550	3.32	0.98	351.03
2580	3.33	0.98	359.19
2610	3.34	0.98	367.36
2640	3.34	0.98	375.53
2670	3.34	0.98	383.69
2700	3.35	0.98	391.86
2730	3.35	0.98	400.03
2760	3.36	0.98	408.19
2790	3.36	0.98	416.36
2820	3.36	0.98	424.53
2850	3.37	0.98	432.69
2880	3.37	0.98	440.86
2910	3.38	0.98	449.03
2940	3.38	0.98	457.19
2970	3.38	0.98	465.36
3000	3.39	0.98	473.53
3030	3.39	0.98	481.69
3060	3.39	0.98	489.86
3090	3.40	0.98	498.03
3120	3.40	0.98	506.19
3150	3.41	0.98	514.36
3180	3.41	0.98	522.53
3210	3.41	0.98	530.69
3240	3.41	0.98	538.86
3270	3.41	0.98	547.03
3300	3.42	0.98	555.19
3330	3.42	0.98	563.36
3360	3.42	0.98	571.53
3390	3.43	0.98	579.69
3420	3.43	0.98	587.86
3450	3.43	0.98	596.03
3480	3.43	0.98	604.19
3510	3.44	0.98	612.36
3540	3.44	0.98	620.53
3570	3.44	0.98	628.69
3600	3.44	0.98	636.86
3630	3.45	0.98	645.03
3660	3.45	0.98	653.19
3690	3.45	0.98	661.36
3720	3.45	0.98	669.53
3750	3.45	0.98	677.69
3780	3.46	0.98	685.86
3810	3.46	0.98	694.03
3840	3.46	0.98	702.19
3870	3.46	0.98	710.36
3900	3.46	0.98	718.53
3930	3.46	0.98	726.69
3960	3.47	0.98	734.86
3990	3.47	0.98	743.03
4020	3.47	0.98	751.19
4050	3.47	0.98	759.36
4080	3.47	0.98	767.53
4110	3.48	0.98	775.69
4140	3.48	0.98	783.86
4170	3.48	0.98	792.03
4200	3.48	0.98	800.19
4230	3.48	0.98	808.36
4260	3.49	0.98	816.53
4290	3.49	0.98	824.69
4320	3.49	0.98	832.86
4350	3.49	0.98	841.03
4380	3.49	0.98	849.19
4410	3.49	0.98	857.36
4440	3.49	0.98	865.53
4470	3.50	0.98	873.69
4500	3.50	0.98	881.86
4530	3.50	0.98	890.03
4560	3.50	0.98	898.19
4590	3.50	0.98	906.36
4620	3.50	0.98	914.53
4650	3.51	0.98	922.69
4680	3.51	0.98	930.86
4710	3.51	0.98	939.03
4740	3.51	0.98	947.19
4770	3.51	0.98	955.36
4800	3.51	0.98	963.53
4830	3.51	0.98	971.69
4860	3.52	0.98	979.86
4890	3.52	0.98	988.03
4920	3.52	0.98	996.19
4950	3.52	0.98	1004.36
4980	3.52	0.98	1012.53
5010	3.52	0.98	1020.69
5040	3.52	0.98	1028.86
5070	3.53	0.98	1037.03
5100	3.53	0.98	1045.19
5130	3.53	0.98	1053.36
5160	3.53	0.98	1061.53
5190	3.53	0.98	1069.69
5220	3.53	0.98	1077.86
5250	3.53	0.98	1086.03
5280	3.54	0.98	1094.19
5310	3.54	0.98	1102.36
5340	3.54	0.98	1110.53
5370	3.54	0.98	1118.69
5400	3.54	0.98	1126.86
5430	3.54	0.98	1135.03
5460	3.54	0.98	1143.19
5490	3.55	0.98	1151.36
5520	3.55	0.98	1159.53
5550	3.55	0.98	1167.69
5580	3.55	0.98	1175.86
5610	3.55	0.98	1184.03
5640	3.55	0.98	1192.19
5670	3.55	0.98	1200.36
5700	3.55	0.98	1208.53
5730	3.55	0.98	1216.69
5760	3.56	0.98	1224.86
5790	3.56	0.98	1233.03
5820	3.56	0.98	1241.19
5850	3.56	0.98	1249.36
5880	3.56	0.98	1257.53
5910	3.56	0.98	1265.69
5940	3.56	0.98	1273.86
5970	3.56	0.98	1282.03
6000	3.56	0.98	1290.19
6030	3.56	0.98	1298.36
6060	3.57	0.98	1306.53
6090	3.57	0.98	1314.69
6120	3.57	0.98	1322.86
6150	3.57	0.98	1331.03
6180	3.57	0.98	1339.19
6210	3.57	0.98	1347.36
6240	3.57	0.98	1355.53
6270	3.57	0.98	1363.69
6300	3.58	0.98	1371.86
6330	3.58	0.98	1380.03
6360	3.58	0.98	1388.19
6390	3.58	0.98	1396.36
6420	3.58	0.98	1404.53
6450	3.58	0.98	1412.69
6480	3.58	0.98	1420.86
6510	3.59	0.98	1429.03
6540	3.59	0.98	1437.19
6570	3.59	0.98	1445.36
6600	3.59	0.98	1453.53
6630	3.59	0.98	1461.69
6660	3.59	0.98	1469.86
6690	3.59	0.98	1478.03
6720	3.60	0.98	1486.19
6750	3.60	0.98	1494.36
6780	3.60	0.98	1502.53
6810	3.60	0.98	1510.69
6840	3.60	0.98	1518.86
6870	3.61	0.98	1527.03
6900	3.61	0.98	1535.19
6930	3.61	0.98	1543.36
6960	3.61	0.98	1551.53
6990	3.61	0.98	1559.69
7020	3.61	0.98	1567.86
7050	3.61	0.98	1576.03
7080	3.62	0.98	1584.19
7110	3.62	0.98	1592.36
7140	3.62	0.98	1600.53
7170	3.62	0.98	1608.69
7200	3.62	0.98	1616.86
7230	3.62	0.98	1625.03
7260	3.63	0.98	1633.19
7290	3.63	0.98	1641.36
7320	3.63	0.98	1649.53
7350	3.63	0.98	1657.69
7380	3.63	0.98	1665.86
7410	3.63	0.98	1674.03
7440	3.63	0.98	1682.19
7470	3.64	0.98	1690.36
7500	3.64	0.98	1698.53
7530	3.64	0.98	1706.69
7560	3.64	0.98	1714.86
7590	3.64	0.98	1723.03
7620	3.64	0.98	1731.19
7650	3.65	0.98	1739.36
7680	3.65	0.98	1747.53
7710	3.65	0.98	1755.69
7740	3.65	0.98	1763.86
7770	3.65	0.98	1772.03
7800	3.65	0.98	1780.19
7830	3.66	0.98	1788.36
7860	3.66	0.98	1796.53
7890	3.66	0.98	1804.69
7920	3.66	0.98	1812.86
7950	3.66	0.98	1821.03
7980	3.66	0.98	1829.19
8010	3.67	0.98	1837.36
8040	3.67	0.98	1845.53
8070	3.67	0.98	1853.69
8100	3.67	0.98	1861.86
8130	3.67	0.98	1870.03
8160	3.67	0.98	1878.19
8190	3.68	0.98	1886.36
8220	3.68	0.98	1894.53
8250	3.68	0.98	1902.69
8280	3.68	0.98	1910.86
8310	3.68	0.98	1919.03
8340	3.68	0.98	1927.19
8370	3.69	0.98	1935.36
8400	3.69	0.98	1943.53
8430	3.69	0.98	1951.69
8460	3.69	0.98	1959.86
8490	3.69	0.98	1968.03
8520	3.69	0.98	1976.19
8550	3.70	0.98	1984.36
8580	3.70	0.98	1992.53
8610	3.70	0.98	2000.69
8640	3.70	0.98	2008.86
8670	3.70	0.98	2017.03
8700	3.70	0.98	2025.19
8730	3.71	0.98	2033.36
8760	3.71	0.98	2041.53
8790	3.71	0.98	2049.69
8820	3.71	0.98	2057.86
8850	3.71	0.98	2066.03
8880	3.71	0.98	2074.19
8910	3.71	0.98	2082.36
8940	3.71	0.98	2090.53
8970	3.72	0.98	2098.69
9000	3.72	0.98	2106.86
9030	3.72	0.98	2115.03
9060	3.72	0.98	2123.19
9090	3.72	0.98	2131.36
9120	3.73	0.98	2139.53
9150	3.73	0.98	2147.69
9180	3.73	0.98	2155.86
9210	3.73	0.98	2164.03
9240	3.73	0.98	2172.19
9270	3.73	0.98	2180.36
9300	3.74	0.98	2188.53
9330	3.74	0.98	2196.69
9360	3.74	0.98	2204.86
9390	3.74	0.98	2213.03
9420	3.74	0.98	2221.19
9450	3.74	0.98	2229.36
9480	3.75	0.98	2237.53
9510	3.75	0.98	2245.69
9540	3.75	0.98	2253.86
9570	3.75	0.98	2262.03
9600	3.75	0.98	2270.19
9630	3.76	0.98	2278.36
9660	3.76	0.98	2286.53
9690	3.76	0.99	2294.78
9720	3.76	0.98	2302.94
9750	3.76	0.99	2311.19
9780	3.76	0.98	2319.36
9810	3.77	0.98	2327.53
9840	3.77	0.98	2335.69
9870	3.77	0.98	2343.86
9900	3.77	0.98	2352.03
9930	3.77	0.98	2360.19
9960	3.77	0.98	2368.36
9990	3.78	0.98	2376.53
10020	3.78	0.98	2384.69
10050	3.78	0.99	2392.94
10080	3.78	0.99	2401.19
10110	3.78	0.99	2409.44
10140	3.78	0.99	2417.69
10170	3.79	0.98	2425.86
10200	3.79	0.98	2434.03
10230	3.79	0.98	2442.19
10260	3.79	0.98	2450.36
10290	3.79	0.98	2458.53
10320	3.79	0.98	2466.69
10350	3.80	0.98	2474.86
10380	3.80	0.98	2483.03
10410	3.80	0.98	2491.19
10440	3.80	0.98	2499.36
10470	3.80	0.98	2507.53
10500	3.80	0.98	2515.69
10530	3.81	0.98	2523.86
10560	3.81	0.99	2532.11
10590	3.81	0.99	2540.36
10620	3.81	0.99	2548.61
10650	3.81	0.98	2556.78
10680	3.81	0.98	2564.94
10710	3.81	0.98	2573.11
10740	3.81	0.99	2581.36
10770	3.82	0.98	2589.53
10800	3.82	0.98	2597.69
10830	3.82	0.98	2605.86
10860	3.82	0.98	2614.03
10890	3.82	0.98	2622.19
10920	3.82	0.98	2630.36
10950	3.83	0.98	2638.53
10980	3.83	0.98	2646.69
11010	3.83	0.98	2654.86
11040	3.83	0.98	2663.03
11070	3.83	0.98	2671.19
11100	3.83	0.98	2679.36
11130	3.83	0.98	2687.53
11160	3.84	0.99	2695.78
11190	3.84	0.99	2704.03
11220	3.84	0.99	2712.28
11250	3.84	0.99	2720.53
11280	3.84	0.99	2728.78
11310	3.84	0.99	2737.03
11340	3.85	0.98	2745.19
11370	3.85	0.98	2753.36
11400	3.85	0.98	2761.53
11430	3.85	0.98	2769.69
11460	3.85	0.98	2777.86
11490	3.85	0.98	2786.03
11520	3.86	0.98	2794.19
11550	3.86	0.98	2802.36
11580	3.86	0.98	2810.53
11610	3.86	0.98	2818.69
11640	3.86	0.98	2826.86
11670	3.86	0.98	2835.03
11700	3.86	0.98	2843.19
11730	3.87	0.98	2851.36
11760	3.87	0.98	2859.53
11790	3.87	0.98	2867.69
11820	3.87	0.99	2875.94
11850	3.87	0.98	2884.11
11880	3.87	0.99	2892.36
11910	3.87	0.98	2900.53
11940	3.88	0.98	2908.69
11970	3.88	0.98	2916.86
12000	3.88	0.98	2925.03
12030	3.88	0.99	2933.28
12060	3.88	0.98	2941.44
12090	3.88	0.98	2949.61
12120	3.88	0.98	2957.78
12150	3.88	0.98	2965.94
12180	3.89	0.98	2974.11
12210	3.89	0.98	2982.28
12240	3.89	0.98	2990.44
12270	3.89	0.98	2998.61
12300	3.89	0.98	3006.78
12330	3.89	0.98	3014.94
12360	3.90	0.98	3023.11
12390	3.90	0.98	3031.28
12420	3.90	0.98	3039.44
12450	3.90	0.98	3047.61
12480	3.90	0.98	3055.78
12510	3.90	0.98	3063.94
12540	3.90	0.98	3072.11
12570	3.91	0.98	3080.28
12600	3.91	0.98	3088.44
12630	3.91	0.98	3096.61
12660	3.91	0.98	3104.78
12690	3.91	0.99	3113.03
12720	3.91	0.99	3121.28
12750	3.91	0.98	3129.44
12780	3.92	0.99	3137.69
12810	3.92	0.99	3145.94
12840	3.92	0.99	3154.19
12870	3.92	0.99	3162.44
12900	3.92	0.98	3170.61
12930	3.92	0.98	3178.78
12960	3.92	0.98	3186.94
12990	3.92	0.98	3195.11
13020	3.93	0.98	3203.28
13050	3.93	0.98	3211.44
13080	3.93	0.98	3219.61
13110	3.93	0.98	3227.78
13140	3.93	0.98	3235.94
13170	3.93	0.98	3244.11
13200	3.94	0.98	3252.28
13230	3.94	0.98	3260.44
13260	3.94	0.98	3268.61
13290	3.94	0.98	3276.78
13320	3.94	0.98	3284.94
13350	3.95	0.98	3293.11
13380	3.95	0.98	3301.28
13410	3.95	0.98	3309.44
13440	3.95	0.99	3317.69
13470	3.95	0.99	3325.94
13500	3.95	0.98	3334.11
13530	3.95	0.98	3342.28
13560	3.96	0.98	3350.44
13590	3.96	0.98	3358.61
13620	3.96	0.98	3366.78
13650	3.96	0.98	3374.94
13680	3.96	0.98	3383.11
13710	3.97	0.98	3391.28
13740	3.97	0.98	3399.44
13770	3.97	0.98	3407.61
13800	3.97	0.98	3415.78
13830	3.97	0.98	3423.94
13860	3.97	0.99	3432.19
13890	3.97	0.99	3440.44
13920	3.98	0.98	3448.61
13950	3.98	0.98	3456.78
13980	3.98	0.98	3464.94
14010	3.98	0.98	3473.11
14040	3.98	0.98	3481.28
14070	3.98	0.98	3489.44
14100	3.98	0.98	3497.61
14130	3.98	0.98	3505.78
14160	3.99	0.98	3513.94
14190	3.99	0.98	3522.11
14220	3.99	0.98	3530.28
14250	3.99	0.98	3538.44
14280	3.99	0.98	3546.61
14310	3.99	0.98	3554.78
14340	3.99	0.98	3562.94
14370	3.99	0.98	3571.11
14400	4.00	0.98	3579.28
14430	4.00	0.99	3587.53
14460	4.00	0.99	3595.78
14490	4.00	0.98	3603.94
14520	4.00	0.98	3612.11
14550	4.00	0.98	3620.28
14580	4.00	0.98	3628.44
14610	4.00	0.98	3636.61
14640	4.01	0.98	3644.78
14670	4.01	0.98	3652.94
14700	4.01	0.99	3661.19
14730	4.01	0.98	3669.36
14760	4.01	0.99	3677.61
14790	4.01	0.98	3685.78
14820	4.01	0.98	3693.94
14850	4.02	0.98	3702.11
14880	4.02	0.98	3710.28
14910	4.02	0.98	3718.44
14940	4.02	0.98	3726.61
14970	4.02	0.99	3734.86
15000	4.02	0.98	3743.03
15030	4.02	0.98	3751.19
15060	4.03	0.99	3759.44
15090	4.03	0.98	3767.61
15120	4.03	0.98	3775.78
15150	4.03	0.98	3783.94
15180	4.03	0.98	3792.11
15210	4.04	0.99	3800.36
15240	4.04	0.98	3808.53
15270	4.04	0.98	3816.69
15300	4.04	0.99	3824.94
15330	4.04	0.98	3833.11
15360	4.04	0.98	3841.28
15390	4.05	0.99	3849.53
15420	4.05	0.98	3857.69
15450	4.05	0.98	3865.86
15480	4.05	0.98	3874.03
15510	4.05	0.98	3882.19
15540	4.05	0.98	3890.36
15570	4.06	0.99	3898.61
15600	4.06	0.99	3906.86
15630	4.06	0.99	3915.11
15660	4.06	0.98	3923.28
15690	4.06	0.99	3931.53
15720	4.07	0.98	3939.69
15750	4.07	0.98	3947.86
15780	4.07	0.98	3956.03
15810	4.07	0.98	3964.19
15840	4.07	0.99	3972.44
15870	4.07	0.99	3980.69
15900	4.08	0.98	3988.86
15930	4.08	0.98	3997.03
15960	4.08	0.99	4005.28
15990	4.08	0.99	4013.53
16020	4.09	0.98	4021.69
16050	4.09	0.98	4029.86
16080	4.09	0.99	4038.11
16110	4.09	0.99	4046.36
16140	4.09	0.98	4054.53
16170	4.10	0.98	4062.69
16200	4.10	0.98	4070.86
16230	4.10	0.99	4079.11
16260	4.10	0.98	4087.28
16290	4.10	0.99	4095.53
16320	4.10	0.98	4103.69
16350	4.10	0.98	4111.86
16380	4.11	0.98	4120.03
16410	4.11	0.98	4128.19
16440	4.11	0.99	4136.44
16470	4.11	0.98	4144.61
16500	4.11	0.98	4152.78
16530	4.11	0.98	4160.94
16560	4.11	0.98	4169.11
16590	4.12	0.98	4177.28
16620	4.12	0.98	4185.44
16650	4.12	0.98	4193.61
16680	4.12	0.99	4201.86
16710	4.12	0.98	4210.03
16740	4.13	0.98	4218.19
16770	4.13	0.98	4226.36
16800	4.13	0.98	4234.53
16830	4.13	0.98	4242.69
16860	4.13	0.98	4250.86
16890	4.13	0.98	4259.03
16920	4.13	0.98	4267.19
16950	4.13	0.98	4275.36
16980	4.14	0.98	4283.53
17010	4.14	0.99	4291.78
17040	4.14	0.99	4300.03
17070	4.14	0.98	4308.19
17100	4.14	0.99	4316.44
17130	4.14	0.98	4324.61
17160	4.14	0.99	4332.86
17190	4.14	0.98	4341.03
17220	4.15	0.98	4349.19
17250	4.15	0.99	4357.44
17280	4.15	0.98	4365.61
17310	4.15	0.98	4373.78
17340	4.15	0.98	4381.94
17370	4.15	0.98	4390.11
17400	4.15	0.99	4398.36
17430	4.15	0.98	4406.53
17460	4.15	0.98	4414.69
17490	4.15	0.98	4422.86
17520	4.15	0.98	4431.03
17550	4.16	0.99	4439.28
17580	4.16	0.98	4447.44
17610	4.16	0.99	4455.69
17640	4.16	0.97	4463.78
17670	4.16	0.96	4471.78
17700	4.16	0.97	4479.86
17730	4.16	0.96	4487.86
17760	4.16	0.97	4495.94
17790	4.16	0.95	4503.86
17820	4.16	0.96	4511.86
17850	4.16	0.94	4519.69
17880	4.16	0.95	4527.61
17910	4.16	0.94	4535.44
17940	4.16	0.92	4543.11
17970	4.16	0.94	4550.94
18000	4.16	0.92	4558.61
18030	4.16	0.91	4566.19
18060	4.16	0.89	4573.61
18090	4.16	0.90	4581.11
18120	4.16	0.90	4588.61
18150	4.16	0.88	4595.94
18180	4.16	0.87	4603.19
18210	4.16	0.88	4610.53
18240	4.16	0.85	4617.61
18270	4.16	0.88	4624.94
18300	4.16	0.86	4632.11
18330	4.16	0.84	4639.11
18360	4.16	0.85	4646.19
18390	4.16	0.84	4653.19
18420	4.16	0.83	4660.11
18450	4.16	0.83	4667.03
18480	4.16	0.82	4673.86
18510	4.17	0.83	4680.78
18540	4.17	0.81	4687.53
18570	4.17	0.80	4694.19
18600	4.17	0.81	4700.94
18630	4.17	0.79	4707.53
18660	4.17	0.79	4714.11
18690	4.17	0.77	4720.53
18720	4.17	0.78	4727.03
18750	4.17	0.77	4733.44
18780	4.17	0.75	4739.69
18810	4.17	0.75	4745.94
18840	4.17	0.74	4752.11
18870	4.17	0.74	4758.28
18900	4.17	0.74	4764.44
18930	4.17	0.72	4770.44
18960	4.17	0.71	4776.36
18990	4.17	0.70	4782.19
19020	4.17	0.69	4787.94
19050	4.17	0.68	4793.61
19080	4.17	0.67	4799.19
19110	4.17	0.66	4804.69
19140	4.17	0.65	4810.11
19170	4.17	0.65	4815.53
19200	4.17	0.64	4820.86
19230	4.18	0.64	4826.19
19260	4.18	0.64	4831.53
19290	4.18	0.63	4836.78
19320	4.18	0.62	4841.94
19350	4.18	0.60	4846.94
19380	4.18	0.60	4851.94
19410	4.18	0.59	4856.86
19440	4.18	0.58	4861.69
19470	4.18	0.56	4866.36
19500	4.18	0.55	4870.94
19530	4.18	0.54	4875.44
19560	4.18	0.52	4879.78
19590	4.18	0.53	4884.19
19620	4.18	0.51	4888.44
19650	4.18	0.49	4892.53
19680	4.18	0.48	4896.53
19710	4.18	0.47	4900.44
19740	4.18	0.46	4904.28
19770	4.18	0.46	4908.11
19800	4.18	0.46	4911.94
19830	4.18	0.45	4915.69
19860	4.18	0.44	4919.36
19890	4.18	0.43	4922.94
19920	4.18	0.42	4926.44
19950	4.18	0.41	4929.86
19980	4.18	0.41	4933.28
20010	4.18	0.39	4936.53
20040	4.18	0.38	4939.69
20070	4.18	0.37	4942.78
20100	4.18	0.37	4945.86
20130	4.18	0.36	4948.86
20160	4.18	0.35	4951.78
20190	4.18	0.35	4954.69
20220	4.18	0.35	4957.61
20250	4.19	0.35	4960.53
20280	4.18	0.32	4963.19
20310	4.19	0.33	4965.94
20340	4.19	0.32	4968.61
20370	4.19	0.31	4971.19
20400	4.19	0.30	4973.69
20430	4.19	0.28	4976.03
20460	4.19	0.28	4978.36
20490	4.19	0.27	4980.61
20520	4.19	0.26	4982.78
20550	4.19	0.27	4985.03
20580	4.19	0.28	4987.36
20610	4.19	0.26	4989.53
20640	4.19	0.26	4991.69
20670	4.19	0.25	4993.78
20700	4.19	0.25	4995.86
20730	4.19	0.24	4997.86
20760	4.19	0.23	4999.78
20790	4.19	0.22	5001.61
20820	4.19	0.23	5003.53
20850	4.19	0.22	5005.36
20880	4.19	0.22	5007.19
20910	4.19	0.21	5008.94
20940	4.19	0.20	5010.61
20970	4.19	0.20	5012.28
21000	4.19	0.20	5013.94
21030	4.19	0.20	5015.61
21060	4.19	0.18	5017.11
21090	4.19	0.17	5018.53
21120	4.19	0.17	5019.94
21150	4.19	0.18	5021.44
21180	4.19	0.17	5022.86
21210	4.19	0.17	5024.28
21240	4.19	0.15	5025.53
21270	4.19	0.13	5026.61
21300	4.19	0.16	5027.94
21330	4.19	0.14	5029.11
21360	4.19	0.14	5030.28
21390	4.19	0.13	5031.36
21420	4.19	0.14	5032.53
21450	4.19	0.15	5033.78
21480	4.19	0.13	5034.86
21510	4.19	0.14	5036.03
21540	4.19	0.13	5037.11
21570	4.19	0.11	5038.03
21600	4.19	0.13	5039.11
21630	4.19	0.12	5040.11
21646	4.20	0.00	5040.11
21650	4.19	0.00	0.00
21660	4.12	1.03	2.86
21690	4.11	1.02	11.36
21720	4.10	1.02	19.86
21750	4.09	1.02	28.36
21780	4.09	1.02	36.86
21810	4.08	1.02	45.36
21840	4.08	1.01	53.78
21870	4.08	1.01	62.19
21900	4.07	1.01	70.61
21930	4.07	1.01	79.03
21960	4.07	1.01	87.44
21990	4.06	1.01	95.86
22020	4.06	1.01	104.28
22050	4.06	1.01	112.69
22080	4.06	1.01	121.11
22110	4.06	1.01	129.53
22140	4.05	1.01	137.94
22170	4.05	1.01	146.36
22200	4.05	1.01	154.78
22230	4.05	1.01	163.19
22260	4.04	1.01	171.61
22290	4.04	1.01	180.03
22320	4.04	1.01	188.44
22350	4.04	1.01	196.86
22380	4.04	1.00	205.19
22410	4.04	1.00	213.53
22440	4.04	1.00	221.86
22470	4.03	1.00	230.19
22500	4.03	1.00	238.53
22530	4.03	1.00	246.86
22560	4.03	1.00	255.19
22590	4.03	1.00	263.53
22620	4.03	1.00	271.86
22650	4.03	1.00	280.19
22680	4.03	1.00	288.53
22710	4.03	1.00	296.86
22740	4.03	1.00	305.19
22770	4.03	1.00	313.53
22800	4.02	1.00	321.86
22830	4.02	1.00	330.19
22860	4.02	1.00	338.53
22890	4.02	1.00	346.86
22920	4.02	1.00	355.19
22950	4.02	1.00	363.53
22980	4.02	1.00	371.86
23010	4.02	1.00	380.19
23040	4.02	1.00	388.53
23070	4.02	1.00	396.86
23100	4.02	1.00	405.19
23130	4.02	1.00	413.53
23160	4.02	1.00	421.86
23190	4.02	1.00	430.19
23220	4.01	1.00	438.53
23250	4.01	1.00	446.86
23280	4.01	1.00	455.19
23310	4.01	1.00	463.53
23340	4.01	1.00	471.86
23370	4.01	1.00	480.19
23400	4.01	1.00	488.53
23430	4.01	1.00	496.86
23460	4.01	1.00	505.19
23490	4.01	1.00	513.53
23520	4.01	1.00	521.86
23550	4.01	1.00	530.19
23580	4.01	1.00	538.53
23610	4.01	1.00	546.86
23640	4.01	1.00	555.19
23670	4.01	1.00	563.53
23700	4.00	1.00	571.86
23730	4.00	1.00	580.19
23760	4.00	1.00	588.53
23790	4.00	1.00	596.86
23820	4.00	1.00	605.19
23850	4.00	1.00	613.53
23880	4.00	1.00	621.86
23910	4.00	0.99	630.11
23940	4.00	0.99	638.36
23970	4.00	0.99	646.61
24000	4.00	0.99	654.86
24030	3.99	0.99	663.11
24060	3.99	0.99	671.36
24090	3.99	0.99	679.61
24120	3.99	0.99	687.86
24150	3.99	0.99	696.11
24180	3.99	0.99	704.36
24210	3.99	0.99	712.61
24240	3.99	0.99	720.86
24270	3.99	0.99	729.11
24300	3.99	0.99	737.36
24330	3.98	0.99	745.61
24360	3.98	0.99	753.86
24390	3.98	0.99	762.11
24420	3.98	0.99	770.36
24450	3.98	0.99	778.61
24480	3.98	0.99	786.86
24510	3.98	0.99	795.11
24540	3.98	0.99	803.36
24570	3.97	0.99	811.61
24600	3.97	0.99	819.86
24630	3.97	0.99	828.11
24660	3.97	0.99	836.36
24690	3.97	0.99	844.61
24720	3.97	0.99	852.86
24750	3.96	0.99	861.11
24780	3.96	0.99	869.36
24810	3.96	0.99	877.61
24840	3.96	0.98	885.78
24870	3.96	0.98	893.94
24900	3.95	0.98	902.11
24930	3.95	0.98	910.28
24960	3.95	0.98	918.44
24990	3.95	0.98	926.61
25020	3.95	0.98	934.78
25050	3.94	0.98	942.94
25080	3.94	0.98	951.11
25110	3.94	0.98	959.28
25140	3.94	0.98	967.44
25170	3.93	0.98	975.61
25200	3.93	0.98	983.78
25230	3.93	0.98	991.94
25260	3.93	0.98	1000.11
25290	3.93	0.98	1008.28
25320	3.92	0.98	1016.44
25350	3.92	0.98	1024.61
25380	3.92	0.98	1032.78
25410	3.92	0.97	1040.86
25440	3.92	0.97	1048.94
25470	3.92	0.97	1057.03
25500	3.91	0.97	1065.11
25530	3.91	0.97	1073.19
25560	3.91	0.97	1081.28
25590	3.91	0.97	1089.36
25620	3.90	0.97	1097.44
25650	3.90	0.97	1105.53
25680	3.90	0.97	1113.61
25710	3.89	0.97	1121.69
25740	3.89	0.97	1129.78
25770	3.89	0.97	1137.86
25800	3.89	0.97	1145.94
25830	3.89	0.97	1154.03
25860	3.88	0.97	1162.11
25890	3.88	0.97	1170.19
25920	3.88	0.96	1178.19
25950	3.88	0.96	1186.19
25980	3.88	0.96	1194.19
26010	3.87	0.96	1202.19
26040	3.87	0.96	1210.19
26070	3.87	0.96	1218.19
26100	3.86	0.96	1226.19
26130	3.86	0.96	1234.19
26160	3.86	0.96	1242.19
26190	3.86	0.96	1250.19
26220	3.86	0.96	1258.19
26250	3.86	0.96	1266.19
26280	3.85	0.96	1274.19
26310	3.85	0.96	1282.19
26340	3.85	0.96	1290.19
26370	3.85	0.96	1298.19
26400	3.85	0.96	1306.19
26430	3.84	0.96	1314.19
26460	3.84	0.96	1322.19
26490	3.84	0.96	1330.19
26520	3.84	0.96	1338.19
26550	3.84	0.95	1346.11
26580	3.84	0.95	1354.03
26610	3.83	0.95	1361.94
26640	3.83	0.95	1369.86
26670	3.83	0.95	1377.78
26700	3.83	0.95	1385.69
26730	3.83	0.95	1393.61
26760	3.83	0.95	1401.53
26790	3.83	0.95	1409.44
26820	3.82	0.95	1417.36
26850	3.82	0.95	1425.28
26880	3.82	0.95	1433.19
26910	3.82	0.95	1441.11
26940	3.82	0.95	1449.03
26970	3.82	0.95	1456.94
27000	3.82	0.95	1464.86
27030	3.81	0.95	1472.78
27060	3.81	0.95	1480.69
27090	3.81	0.95	1488.61
27120	3.81	0.95	1496.53
27150	3.81	0.95	1504.44
27180	3.81	0.95	1512.36
27210	3.81	0.95	1520.28
27240	3.81	0.95	1528.19
27270	3.81	0.95	1536.11
27300	3.81	0.95	1544.03
27330	3.80	0.95	1551.94
27360	3.80	0.95	1559.86
27390	3.80	0.95	1567.78
27420	3.80	0.95	1575.69
27450	3.80	0.95	1583.61
27480	3.80	0.94	1591.44
27510	3.80	0.94	1599.28
27540	3.80	0.94	1607.11
27570	3.79	0.94	1614.94
27600	3.79	0.94	1622.78
27630	3.79	0.94	1630.61
27660	3.79	0.94	1638.44
27690	3.79	0.94	1646.28
27720	3.79	0.94	1654.11
27750	3.79	0.94	1661.94
27780	3.79	0.94	1669.78
27810	3.79	0.94	1677.61
27840	3.78	0.94	1685.44
27870	3.78	0.94	1693.28
27900	3.78	0.94	1701.11
27930	3.78	0.94	1708.94
27960	3.78	0.94	1716.78
27990	3.78	0.94	1724.61
28020	3.78	0.94	1732.44
28050	3.78	0.94	1740.28
28080	3.77	0.94	1748.11
28110	3.77	0.94	1755.94
28140	3.77	0.94	1763.78
28170	3.77	0.94	1771.61
28200	3.77	0.94	1779.44
28230	3.77	0.94	1787.28
28260	3.77	0.94	1795.11
28290	3.77	0.94	1802.94
28320	3.76	0.94	1810.78
28350	3.76	0.94	1818.61
28380	3.76	0.94	1826.44
28410	3.76	0.94	1834.28
28440	3.76	0.94	1842.11
28470	3.76	0.93	1849.86
28500	3.76	0.93	1857.61
28530	3.76	0.93	1865.36
28560	3.76	0.93	1873.11
28590	3.75	0.93	1880.86
28620	3.75	0.93	1888.61
28650	3.75	0.93	1896.36
28680	3.75	0.93	1904.11
28710	3.75	0.93	1911.86
28740	3.75	0.93	1919.61
28770	3.74	0.93	1927.36
28800	3.74	0.93	1935.11
28830	3.74	0.93	1942.86
28860	3.74	0.93	1950.61
28890	3.74	0.93	1958.36
28920	3.74	0.93	1966.11
28950	3.73	0.93	1973.86
28980	3.73	0.93	1981.61
29010	3.73	0.93	1989.36
29040	3.73	0.93	1997.11
29070	3.73	0.93	2004.86
29100	3.73	0.93	2012.61
29130	3.73	0.93	2020.36
29160	3.72	0.93	2028.11
29190	3.72	0.93	2035.86
29220	3.72	0.93	2043.61
29250	3.72	0.92	2051.28
29280	3.72	0.92	2058.94
29310	3.71	0.92	2066.61
29340	3.71	0.92	2074.28
29370	3.71	0.92	2081.94
29400	3.71	0.92	2089.61
29430	3.71	0.92	2097.28
29460	3.71	0.92	2104.94
29490	3.70	0.92	2112.61
29520	3.70	0.92	2120.28
29550	3.70	0.92	2127.94
29580	3.70	0.92	2135.61
29610	3.69	0.92	2143.28
29640	3.69	0.92	2150.94
29670	3.69	0.92	2158.61
29700	3.69	0.92	2166.28
29730	3.69	0.92	2173.94
29760	3.68	0.92	2181.61
29790	3.68	0.92	2189.28
29820	3.68	0.91	2196.86
29850	3.68	0.91	2204.44
29880	3.68	0.91	2212.03
29910	3.67	0.91	2219.61
29940	3.67	0.91	2227.19
29970	3.67	0.91	2234.78
30000	3.67	0.91	2242.36
30030	3.67	0.91	2249.94
30060	3.66	0.91	2257.53
30090	3.66	0.91	2265.11
30120	3.66	0.91	2272.69
30150	3.66	0.91	2280.28
30180	3.66	0.91	2287.86
30210	3.65	0.91	2295.44
30240	3.65	0.91	2303.03
30270	3.65	0.91	2310.61
30300	3.64	0.91	2318.19
30330	3.64	0.91	2325.78
30360	3.64	0.90	2333.28
30390	3.63	0.90	2340.78
30420	3.63	0.90	2348.28
30450	3.63	0.90	2355.78
30480	3.63	0.90	2363.28
30510	3.63	0.90	2370.78
30540	3.62	0.90	2378.28
30570	3.62	0.90	2385.78
30600	3.62	0.90	2393.28
30630	3.61	0.90	2400.78
30660	3.61	0.90	2408.28
30690	3.61	0.90	2415.78
30720	3.61	0.90	2423.28
30750	3.61	0.90	2430.78
30780	3.60	0.90	2438.28
30810	3.60	0.90	2445.78
30840	3.60	0.89	2453.19
30870	3.59	0.89	2460.61
30900	3.59	0.89	2468.03
30930	3.59	0.89	2475.44
30960	3.59	0.89	2482.86
30990	3.59	0.89	2490.28
31020	3.58	0.89	2497.69
31050	3.58	0.89	2505.11
31080	3.58	0.89	2512.53
31110	3.58	0.89	2519.94
31140	3.58	0.89	2527.36
31170	3.57	0.89	2534.78
31200	3.57	0.89	2542.19
31230	3.57	0.89	2549.61
31260	3.57	0.89	2557.03
31290	3.57	0.89	2564.44
31320	3.57	0.89	2571.86
31350	3.56	0.89	2579.28
31380	3.56	0.89	2586.69
31410	3.56	0.89	2594.11
31440	3.56	0.89	2601.53
31470	3.56	0.88	2608.86
31500	3.56	0.88	2616.19
31530	3.56	0.88	2623.53
31560	3.55	0.88	2630.86
31590	3.55	0.88	2638.19
31620	3.55	0.88	2645.53
31650	3.55	0.88	2652.86
31680	3.55	0.88	2660.19
31710	3.54	0.88	2667.53
31740	3.54	0.88	2674.86
31770	3.54	0.88	2682.19
31800	3.53	0.88	2689.53
31830	3.53	0.88	2696.86
31860	3.53	0.88	2704.19
31890	3.53	0.88	2711.53
31920	3.53	0.88	2718.86
31950	3.52	0.88	2726.19
31980	3.52	0.88	2733.53
32010	3.52	0.87	2740.78
32040	3.51	0.87	2748.03
32070	3.51	0.87	2755.28
32100	3.51	0.87	2762.53
32130	3.51	0.87	2769.78
32160	3.50	0.87	2777.03
32190	3.50	0.87	2784.28
32220	3.50	0.87	2791.53
32250	3.49	0.87	2798.78
32280	3.49	0.87	2806.03
32310	3.49	0.87	2813.28
32340	3.49	0.87	2820.53
32370	3.49	0.87	2827.78
32400	3.48	0.87	2835.03
32430	3.48	0.87	2842.28
32460	3.48	0.87	2849.53
32490	3.48	0.87	2856.78
32520	3.47	0.87	2864.03
32550	3.47	0.87	2871.28
32580	3.47	0.87	2878.53
32610	3.47	0.87	2885.78
32640	3.46	0.86	2892.94
32670	3.46	0.86	2900.11
32700	3.46	0.86	2907.28
32730	3.46	0.86	2914.44
32760	3.46	0.86	2921.61
32790	3.46	0.86	2928.78
32820	3.45	0.86	2935.94
32850	3.45	0.86	2943.11
32880	3.45	0.86	2950.28
32910	3.44	0.86	2957.44
32940	3.44	0.86	2964.61
32970	3.44	0.86	2971.78
33000	3.44	0.86	2978.94
33030	3.44	0.85	2986.03
33060	3.43	0.85	2993.11
33090	3.43	0.85	3000.19
33120	3.43	0.85	3007.28
33150	3.43	0.85	3014.36
33180	3.43	0.85	3021.44
33210	3.42	0.85	3028.53
33240	3.42	0.85	3035.61
33270	3.42	0.85	3042.69
33300	3.42	0.85	3049.78
33330	3.42	0.85	3056.86
33360	3.41	0.85	3063.94
33390	3.41	0.85	3071.03
33420	3.41	0.85	3078.11
33450	3.41	0.85	3085.19
33480	3.41	0.85	3092.28
33510	3.41	0.85	3099.36
33540	3.40	0.85	3106.44
33570	3.40	0.85	3113.53
33600	3.40	0.84	3120.53
33630	3.40	0.84	3127.53
33660	3.40	0.84	3134.53
33690	3.40	0.84	3141.53
33720	3.39	0.84	3148.53
33750	3.39	0.84	3155.53
33780	3.39	0.84	3162.53
33810	3.38	0.84	3169.53
33840	3.38	0.84	3176.53
33870	3.38	0.84	3183.53
33900	3.38	0.84	3190.53
33930	3.38	0.84	3197.53
33960	3.37	0.84	3204.53
33990	3.37	0.84	3211.53
34020	3.37	0.84	3218.53
34050	3.37	0.84	3225.53
34080	3.37	0.84	3232.53
34110	3.36	0.84	3239.53
34140	3.36	0.84	3246.53
34170	3.36	0.83	3253.44
34200	3.36	0.83	3260.36
34230	3.35	0.83	3267.28
34260	3.35	0.83	3274.19
34290	3.35	0.83	3281.11
34320	3.35	0.83	3288.03
34350	3.34	0.83	3294.94
34380	3.34	0.83	3301.86
34410	3.34	0.83	3308.78
34440	3.34	0.83	3315.69
34470	3.33	0.83	3322.61
34500	3.33	0.83	3329.53
34530	3.33	0.83	3336.44
34560	3.33	0.83	3343.36
34590	3.33	0.83	3350.28
34620	3.32	0.83	3357.19
34650	3.32	0.83	3364.11
34680	3.32	0.83	3371.03
34710	3.32	0.82	3377.86
34740	3.32	0.82	3384.69
34770	3.32	0.82	3391.53
34800	3.31	0.82	3398.36
34830	3.31	0.82	3405.19
34860	3.31	0.82	3412.03
34890	3.31	0.82	3418.86
34920	3.30	0.82	3425.69
34950	3.30	0.82	3432.53
34980	3.30	0.82	3439.36
35010	3.30	0.82	3446.19
35040	3.30	0.82	3453.03
35070	3.29	0.82	3459.86
35100	3.29	0.82	3466.69
35130	3.29	0.82	3473.53
35160	3.29	0.82	3480.36
35190	3.29	0.82	3487.19
35220	3.28	0.82	3494.03
35250	3.28	0.81	3500.78
35280	3.28	0.81	3507.53
35310	3.28	0.81	3514.28
35340	3.27	0.81	3521.03
35370	3.27	0.81	3527.78
35400	3.27	0.81	3534.53
35430	3.27	0.81	3541.28
35460	3.27	0.81	3548.03
35490	3.26	0.81	3554.78
35520	3.26	0.81	3561.53
35550	3.26	0.81	3568.28
35580	3.26	0.81	3575.03
35610	3.25	0.81	3581.78
35640	3.25	0.81	3588.53
35670	3.25	0.81	3595.28
35700	3.25	0.81	3602.03
35730	3.25	0.81	3608.78
35760	3.25	0.81	3615.53
35790	3.25	0.81	3622.28
35820	3.25	0.80	3628.94
35850	3.24	0.80	3635.61
35880	3.24	0.80	3642.28
35910	3.24	0.80	3648.94
35940	3.23	0.80	3655.61
35970	3.23	0.80	3662.28
36000	3.23	0.80	3668.94
36030	3.23	0.80	3675.61
36060	3.22	0.80	3682.28
36090	3.22	0.80	3688.94
36120	3.22	0.80	3695.61
36150	3.22	0.80	3702.28
36180	3.22	0.80	3708.94
36210	3.22	0.80	3715.61
36240	3.22	0.80	3722.28
36270	3.21	0.80	3728.94
36300	3.21	0.80	3735.61
36330	3.21	0.80	3742.28
36360	3.21	0.80	3748.94
36390	3.21	0.80	3755.61
36420	3.21	0.80	3762.28
36450	3.20	0.80	3768.94
36480	3.20	0.80	3775.61
36510	3.20	0.80	3782.28
36540	3.20	0.79	3788.86
36570	3.20	0.79	3795.44
36600	3.20	0.79	3802.03
36630	3.19	0.79	3808.61
36660	3.19	0.79	3815.19
36690	3.19	0.79	3821.78
36720	3.19	0.79	3828.36
36750	3.18	0.79	3834.94
36780	3.18	0.79	3841.53
36810	3.18	0.79	3848.11
36840	3.18	0.79	3854.69
36870	3.18	0.79	3861.28
36900	3.18	0.79	3867.86
36930	3.18	0.79	3874.44
36960	3.17	0.79	3881.03
36990	3.17	0.79	3887.61
37020	3.17	0.79	3894.19
37050	3.17	0.79	3900.78
37080	3.17	0.79	3907.36
37110	3.16	0.79	3913.94
37140	3.16	0.79	3920.53
37170	3.16	0.79	3927.11
37200	3.16	0.79	3933.69
37230	3.16	0.78	3940.19
37260	3.16	0.78	3946.69
37290	3.16	0.78	3953.19
37320	3.15	0.78	3959.69
37350	3.15	0.78	3966.19
37380	3.15	0.78	3972.69
37410	3.15	0.78	3979.19
37440	3.15	0.78	3985.69
37470	3.15	0.78	3992.19
37500	3.14	0.78	3998.69
37530	3.14	0.78	4005.19
37560	3.14	0.78	4011.69
37590	3.14	0.78	4018.19
37620	3.14	0.78	4024.69
37650	3.13	0.78	4031.19
37680	3.13	0.78	4037.69
37710	3.13	0.78	4044.19
37740	3.13	0.78	4050.69
37770	3.13	0.78	4057.19
37800	3.12	0.78	4063.69
37830	3.12	0.78	4070.19
37860	3.12	0.78	4076.69
37890	3.12	0.77	4083.11
37920	3.12	0.77	4089.53
37950	3.11	0.77	4095.94
37980	3.11	0.77	4102.36
38010	3.11	0.77	4108.78
38040	3.11	0.77	4115.19
38070	3.11	0.77	4121.61
38100	3.10	0.77	4128.03
38130	3.10	0.77	4134.44
38160	3.10	0.77	4140.86
38190	3.10	0.77	4147.28
38220	3.10	0.77	4153.69
38250	3.09	0.77	4160.11
38280	3.09	0.77	4166.53
38310	3.09	0.77	4172.94
38340	3.09	0.77	4179.36
38370	3.09	0.77	4185.78
38400	3.08	0.77	4192.19
38430	3.08	0.77	4198.61
38460	3.08	0.77	4205.03
38490	3.08	0.76	4211.36
38520	3.07	0.76	4217.69
38550	3.07	0.76	4224.03
38580	3.07	0.76	4230.36
38610	3.07	0.76	4236.69
38640	3.07	0.76	4243.03
38670	3.06	0.76	4249.36
38700	3.06	0.76	4255.69
38730	3.06	0.76	4262.03
38760	3.06	0.76	4268.36
38790	3.06	0.76	4274.69
38820	3.05	0.76	4281.03
38850	3.05	0.76	4287.36
38880	3.05	0.76	4293.69
38910	3.04	0.76	4300.03
38940	3.04	0.76	4306.36
38970	3.04	0.75	4312.61
39000	3.03	0.75	4318.86
39030	3.03	0.75	4325.11
39060	3.03	0.75	4331.36
39090	3.03	0.75	4337.61
39120	3.03	0.75	4343.86
39150	3.02	0.75	4350.11
39180	3.02	0.75	4356.36
39210	3.02	0.75	4362.61
39240	3.02	0.75	4368.86
39270	3.01	0.75	4375.11
39300	3.01	0.75	4381.36
39330	3.01	0.75	4387.61
39360	3.01	0.75	4393.86
39390	3.00	0.75	4400.11
39420	3.00	0.75	4406.36
39450	3.00	0.74	4412.53
39480	2.99	0.74	4418.69
39510	2.99	0.74	4424.86
39540	2.99	0.74	4431.03
39570	2.99	0.74	4437.19
39600	2.98	0.74	4443.36
39630	2.98	0.74	4449.53
39660	2.98	0.74	4455.69
39690	2.98	0.74	4461.86
39720	2.97	0.74	4468.03
39750	2.97	0.74	4474.19
39780	2.97	0.74	4480.36
39810	2.96	0.74	4486.53
39840	2.96	0.74	4492.69
39870	2.96	0.73	4498.78
39900	2.95	0.73	4504.86
39930	2.95	0.73	4510.94
39960	2.95	0.73	4517.03
39990	2.95	0.73	4523.11
40020	2.94	0.73	4529.19
40050	2.94	0.73	4535.28
40080	2.93	0.73	4541.36
40110	2.93	0.73	4547.44
40140	2.93	0.73	4553.53
40170	2.93	0.73	4559.61
40200	2.92	0.73	4565.69
40230	2.92	0.72	4571.69
40260	2.91	0.72	4577.69
40290	2.91	0.72	4583.69
40320	2.91	0.72	4589.69
40350	2.90	0.72	4595.69
40380	2.90	0.72	4601.69
40410	2.85	0.71	4607.61
40440	2.81	0.70	4613.44
40470	2.78	0.69	4619.19
40500	2.75	0.68	4624.86
40530	2.73	0.68	4630.53
40560	2.72	0.67	4636.11
40590	2.70	0.67	4641.69
40620	2.69	0.67	4647.28
40650	2.68	0.67	4652.86
40680	2.66	0.66	4658.36
40710	2.67	0.66	4663.86
40740	2.66	0.66	4669.36
40770	2.65	0.66	4674.86
40800	2.65	0.66	4680.36
40830	2.64	0.66	4685.86
40860	2.63	0.65	4691.28
40890	2.63	0.65	4696.69
40920	2.62	0.65	4702.11
40950	2.61	0.65	4707.53
40980	2.60	0.65	4712.94
41010	2.60	0.64	4718.28
41040	2.59	0.64	4723.61
41070	2.58	0.64	4728.94
41100	2.58	0.64	4734.28
41130	2.57	0.63	4739.53
41160	2.56	0.63	4744.78
41190	2.55	0.63	4750.03
41220	2.54	0.63	4755.28
41250	2.54	0.63	4760.53
41280	2.53	0.63	4765.78
41310	2.52	0.62	4770.94
41340	2.51	0.61	4776.03
41370	2.50	0.60	4781.03
