Time	Cell	Background	różnica
0	27.71	26.73	0.98
30	27.62	26.64	0.98
60	27.62	26.64	0.98
90	27.71	26.64	1.07
120	27.62	26.73	0.89
150	27.71	26.64	1.07
180	27.71	26.64	1.07
210	27.71	26.64	1.07
240	27.71	26.64	1.07
270	27.71	26.64	1.07
301	27.71	26.64	1.07
331	27.71	26.64	1.07
361	27.71	26.91	0.80
391	27.80	26.82	0.98
421	27.71	26.73	0.98
451	27.80	26.73	1.07
481	27.80	26.73	1.07
511	27.89	26.64	1.25
541	28.07	26.91	1.16
571	27.98	26.82	1.16
601	27.89	26.91	0.98
631	27.98	26.82	1.16
661	27.89	26.73	1.16
691	27.89	26.91	0.98
721	27.89	26.82	1.07
751	27.98	26.82	1.16
781	28.07	27.08	0.99
811	28.07	26.99	1.08
842	28.07	26.99	1.08
872	28.07	26.99	1.08
902	28.07	26.91	1.16
932	28.07	26.99	1.08
962	28.07	26.91	1.16
992	28.07	26.91	1.16
1022	28.16	26.91	1.25
1052	28.16	26.82	1.34
1082	28.07	26.82	1.25
1112	28.25	26.82	1.43
1142	28.07	26.82	1.25
1172	28.07	26.91	1.16
1202	28.16	26.82	1.34
1232	28.16	26.82	1.34
1262	28.07	26.82	1.25
1292	28.16	26.82	1.34
1322	28.25	26.91	1.34
1352	28.16	26.82	1.34
1383	28.16	26.91	1.25
1413	28.07	26.91	1.16
1443	28.25	26.91	1.34
1473	28.16	26.91	1.25
1503	28.25	26.82	1.43
1533	28.25	26.82	1.43
1563	28.52	26.91	1.61
1593	28.52	26.91	1.61
1623	28.71	26.73	1.98
1653	28.80	26.82	1.98
1683	28.98	26.82	2.16
1713	29.16	26.82	2.34
1743	29.34	26.82	2.52
1773	29.71	26.73	2.98
1803	29.71	26.82	2.89
1833	29.89	26.82	3.07
1863	30.17	26.91	3.26
1893	30.26	26.82	3.44
1923	30.26	26.82	3.44
1954	30.45	26.82	3.63
1984	30.63	26.82	3.81
2014	30.82	26.82	4.00
2044	31.00	26.91	4.09
2074	31.19	26.73	4.46
2104	31.19	26.73	4.46
2134	31.38	26.82	4.56
2164	31.38	26.82	4.56
2194	31.56	26.82	4.74
2224	31.56	26.91	4.65
2254	31.75	27.17	4.58
2284	31.75	27.26	4.49
2314	31.94	27.26	4.68
2344	31.85	27.17	4.68
2374	32.22	27.08	5.14
2404	32.13	27.08	5.05
2434	32.22	27.08	5.14
2464	32.22	27.08	5.14
2494	32.22	26.99	5.23
2525	32.41	27.08	5.33
2555	32.60	27.08	5.52
2585	32.70	27.17	5.53
2615	32.89	27.08	5.81
2645	32.70	27.08	5.62
2675	32.89	26.91	5.98
2705	32.98	27.17	5.81
2735	32.98	27.17	5.81
2825	33.18	27.08	6.10
2855	32.98	27.08	5.90
2885	33.18	27.08	6.10
2915	33.18	27.08	6.10
2945	33.18	27.08	6.10
2975	33.27	27.08	6.19
3005	33.27	27.17	6.10
3036	33.46	27.17	6.29
3066	33.46	27.17	6.29
3096	33.46	27.17	6.29
3126	33.46	26.99	6.47
3156	33.56	27.08	6.48
3186	33.46	27.08	6.38
3216	33.66	26.99	6.67
3246	33.46	27.26	6.20
3276	33.85	27.08	6.77
3306	33.66	26.91	6.75
3336	33.75	27.08	6.67
3366	33.75	26.99	6.76
3396	33.95	26.99	6.96
3426	34.04	27.08	6.96
3456	34.24	26.91	7.33
3486	34.14	27.08	7.06
3516	34.24	26.91	7.33
3546	34.14	26.82	7.32
3576	34.14	26.91	7.23
3607	34.14	26.99	7.15
3637	34.33	26.99	7.34
3667	34.14	26.99	7.15
3697	34.33	26.99	7.34
3727	34.14	26.91	7.23
3757	34.33	26.99	7.34
3787	34.53	26.91	7.62
3817	34.43	26.91	7.52
3847	34.43	26.99	7.44
3877	34.43	26.82	7.61
3907	34.53	26.73	7.80
3937	34.53	26.73	7.80
3967	34.63	26.82	7.81
3997	34.63	26.91	7.72
4027	34.63	26.82	7.81
3997	34.63	26.91	7.72
4027	34.63	26.82	7.81
4057	34.63	26.82	7.81
4087	34.53	26.99	7.54
4117	34.82	26.91	7.91
4148	34.82	26.99	7.83
4178	34.73	26.91	7.82
4208	34.82	26.91	7.91
4238	34.92	26.91	8.01
4268	34.82	26.91	7.91
4298	34.82	26.91	7.91
4328	34.92	26.91	8.01
4358	34.82	26.91	7.91
4388	35.02	26.91	8.11
4418	34.82	26.82	8.00
4448	35.02	26.91	8.11
4478	34.82	26.64	8.18
4508	34.92	26.91	8.01
4538	34.92	26.82	8.10
4568	34.82	26.82	8.00
4598	35.02	26.82	8.20
4628	35.02	26.91	8.11
4658	35.02	26.91	8.11
4688	35.02	26.99	8.03
4719	35.02	26.91	8.11
4749	35.22	26.99	8.23
4779	35.02	26.99	8.03
4809	35.12	26.91	8.21
4839	35.02	26.91	8.11
4869	35.22	26.91	8.31
4899	35.32	26.91	8.41
4929	35.22	26.73	8.49
4959	35.12	26.73	8.39
4989	35.12	26.91	8.21
5019	35.12	26.91	8.21
5049	35.02	26.99	8.03
5079	35.12	26.91	8.21
5109	36.01	26.91	9.10
5139	35.12	26.82	8.30
5169	34.92	26.82	8.10
5199	35.32	26.82	8.50
5229	35.02	26.64	8.38
5260	35.22	26.82	8.40
5290	35.22	26.82	8.40
5320	34.82	26.82	8.00
5350	35.12	26.82	8.30
5380	35.22	26.82	8.40
5410	35.12	26.82	8.30
5440	35.02	26.82	8.20
5470	34.82	26.82	8.00
5500	34.82	26.82	8.00
5530	34.82	26.82	8.00
5560	34.73	26.73	8.00
5590	34.53	26.73	7.80
5620	34.82	26.64	8.18
5650	34.82	26.73	8.09
5680	35.02	26.73	8.29
5710	34.92	26.73	8.19
5740	34.92	26.73	8.19
5770	35.02	26.82	8.20
5801	35.12	26.73	8.39
5831	35.02	26.82	8.20
5861	35.02	26.73	8.29
5891	34.92	26.82	8.10
5921	35.12	26.64	8.48
5951	34.92	26.73	8.19
5981	34.92	26.73	8.19
6011	34.92	26.73	8.19
6041	34.92	26.73	8.19
6071	34.92	26.73	8.19
6101	34.92	26.73	8.19
6131	34.92	26.73	8.19
6161	35.12	26.73	8.39
6191	34.82	26.73	8.09
6221	34.92	26.64	8.28
6251	34.82	26.73	8.09
6281	34.92	26.73	8.19
6311	34.82	26.73	8.09
6341	34.73	26.64	8.09
6372	34.43	26.73	7.70
6402	34.53	26.73	7.80
6432	34.63	26.73	7.90
6462	34.43	26.64	7.79
6492	34.53	26.64	7.89
6522	34.43	26.73	7.70
6552	34.53	26.73	7.80
6582	34.43	26.64	7.79
6612	34.63	26.73	7.90
6642	34.53	26.64	7.89
6672	34.43	26.64	7.79
6702	34.73	26.64	8.09
6732	34.43	26.64	7.79
6762	34.53	26.64	7.89
6792	34.43	26.55	7.88
6822	34.53	26.64	7.89
6852	34.53	26.64	7.89
6882	34.33	26.55	7.78
6913	34.43	26.64	7.79
6943	34.43	26.64	7.79
6973	34.43	26.64	7.79
7003	34.43	26.55	7.88
7033	34.33	26.64	7.69
7063	34.33	26.64	7.69
7093	34.53	26.64	7.89
7123	34.43	26.64	7.79
7153	34.43	26.64	7.79
7183	34.33	26.55	7.78
7213	34.43	26.64	7.79
7243	34.04	26.64	7.40
7273	34.33	26.55	7.78
7303	34.14	26.64	7.50
7333	34.24	26.64	7.60
7363	34.24	26.64	7.60
7393	34.14	26.55	7.59
7423	34.24	26.64	7.60
7454	33.95	26.46	7.49
7484	34.33	26.55	7.78
7514	34.33	26.37	7.96
7544	34.33	26.37	7.96
7574	34.24	26.28	7.96
7604	34.24	26.28	7.96
7634	34.43	26.10	8.33
7664	34.24	26.10	8.14
7694	34.04	26.46	7.58
7724	34.43	26.37	8.06
7754	34.33	26.46	7.87
7784	34.33	26.37	7.96
7814	34.24	26.37	7.87
7844	34.24	26.46	7.78
7874	34.24	26.46	7.78
7904	34.24	26.46	7.78
7934	34.33	26.46	7.87
7964	34.33	26.46	7.87
7995	34.24	26.55	7.69
8025	34.53	26.55	7.98
8055	34.24	26.55	7.69
8085	34.24	26.46	7.78
8115	34.04	26.55	7.49
8145	34.04	26.46	7.58
8175	33.95	26.55	7.40
8205	33.75	26.37	7.38
8235	34.04	26.46	7.58
8265	34.04	26.55	7.49
8295	34.14	26.55	7.59
8325	34.04	26.55	7.49
8355	34.14	26.55	7.59
8385	33.95	26.55	7.40
8415	34.24	26.55	7.69
8445	34.04	26.55	7.49
8475	34.24	26.55	7.69
8505	34.14	26.55	7.59
8536	34.14	26.55	7.59
8566	34.14	26.55	7.59
8596	34.14	26.55	7.59
8626	33.95	26.55	7.40
8656	34.14	26.55	7.59
8686	34.14	26.55	7.59
8716	34.04	26.55	7.49
8746	34.04	26.46	7.58
8776	34.14	26.55	7.59
8806	33.95	26.55	7.40
8806	33.95	26.55	7.40
8836	34.04	26.55	7.49
8866	34.04	26.55	7.49
8896	33.95	26.46	7.49
8926	33.95	26.37	7.58
8956	33.95	26.55	7.40
8986	33.85	26.55	7.30
9016	34.24	26.55	7.69
9046	34.14	26.64	7.50
9076	34.04	26.64	7.40
9107	34.04	26.64	7.40
9137	34.14	26.64	7.50
9167	33.95	26.55	7.40
9197	34.04	26.64	7.40
9227	33.95	26.64	7.31
9257	33.75	26.46	7.29
9287	34.04	26.55	7.49
9317	33.95	26.64	7.31
9347	33.95	26.55	7.40
9377	33.85	26.73	7.12
9407	34.04	26.64	7.40
9437	34.04	26.64	7.40
9467	34.04	26.64	7.40
9497	34.04	26.55	7.49
9527	34.04	26.55	7.49
9557	34.04	26.55	7.49
9587	34.04	26.64	7.40
9617	33.95	26.55	7.40
9648	33.95	26.64	7.31
9678	33.85	26.55	7.30
9708	34.04	26.55	7.49
9738	33.95	26.55	7.40
9768	34.14	26.55	7.59
9798	34.04	26.55	7.49
9828	34.04	26.55	7.49
9858	33.95	26.37	7.58
9888	33.95	26.46	7.49
9918	33.95	26.46	7.49
9948	33.85	26.46	7.39
9978	33.85	26.46	7.39
9918	33.95	26.46	7.49
9948	33.85	26.46	7.39
9978	33.85	26.46	7.39
10008	33.85	26.46	7.39
10038	33.95	26.37	7.58
10068	33.85	26.37	7.48
10098	33.95	26.37	7.58
10128	33.75	26.37	7.38
10158	33.85	26.37	7.48
10188	33.85	26.37	7.48
10219	34.33	26.37	7.96
10249	33.85	26.37	7.48
10279	33.85	26.37	7.48
10309	34.04	26.46	7.58
10339	33.85	26.37	7.48
10369	33.85	26.46	7.39
10399	33.95	26.46	7.49
10429	33.85	26.37	7.48
10459	33.75	26.28	7.47
10489	33.75	26.28	7.47
10519	33.75	26.28	7.47
10549	33.75	26.28	7.47
10579	33.75	26.28	7.47
10609	33.75	26.28	7.47
10639	33.75	26.28	7.47
10669	33.75	26.28	7.47
10699	33.75	26.37	7.38
10729	34.24	26.28	7.96
10760	33.85	26.37	7.48
10790	33.75	26.28	7.47
10820	33.85	26.37	7.48
10850	33.66	26.28	7.38
10880	33.75	26.46	7.29
10910	33.66	26.55	7.11
10940	33.56	26.55	7.01
10970	33.46	26.55	6.91
11000	33.46	26.46	7.00
11030	33.66	26.46	7.20
11060	33.46	26.46	7.00
11090	33.56	26.46	7.10
11120	33.75	26.46	7.29
11150	33.75	26.46	7.29
11180	33.75	26.55	7.20
11210	33.75	26.55	7.20
11240	33.75	26.55	7.20
11240	33.75	26.55	7.20
11270	33.75	26.46	7.29
11301	33.75	26.55	7.20
11331	33.75	26.46	7.29
11361	33.66	26.46	7.20
11391	33.75	26.46	7.29
11421	33.75	26.37	7.38
11451	33.75	26.55	7.20
11481	33.85	26.55	7.30
11511	33.75	26.55	7.20
11541	33.66	26.55	7.11
11571	33.66	26.55	7.11
11601	33.37	26.55	6.82
11631	33.75	26.55	7.20
11661	33.75	26.46	7.29
11691	33.75	26.55	7.20
11721	33.75	26.64	7.11
11751	33.56	26.55	7.01
11781	33.85	26.64	7.21
11811	33.66	26.64	7.02
11841	33.56	26.55	7.01
11872	33.56	26.64	6.92
11902	33.56	26.64	6.92
11932	33.46	26.55	6.91
11962	33.27	26.55	6.72
11992	33.46	26.64	6.82
12022	33.56	26.64	6.92
12052	33.56	26.64	6.92
12082	33.66	26.55	7.11
12112	33.75	26.55	7.20
12142	33.56	26.55	7.01
12172	33.66	26.64	7.02
12202	33.75	26.55	7.20
12232	33.66	26.64	7.02
12262	33.66	26.55	7.11
12292	33.66	26.55	7.11
12322	33.46	26.64	6.82
12352	33.37	26.64	6.73
12382	33.46	26.55	6.91
12413	33.56	26.64	6.92
12443	33.46	26.55	6.91
12473	33.56	26.55	7.01
12503	33.46	26.55	6.91
12533	33.46	26.55	6.91
12563	33.37	26.64	6.73
12593	33.37	26.64	6.73
12623	33.37	26.55	6.82
12653	33.27	26.55	6.72
12683	33.18	26.64	6.54
12713	33.18	26.64	6.54
12743	33.27	26.55	6.72
12773	33.18	26.55	6.63
12803	33.37	26.64	6.73
12833	33.46	26.64	6.82
12863	33.66	26.64	7.02
12893	33.75	26.55	7.20
12923	33.66	26.64	7.02
12953	33.56	26.55	7.01
12984	33.56	26.64	6.92
13014	33.56	26.64	6.92
13044	33.46	26.64	6.82
13074	33.37	26.64	6.73
13104	33.46	26.64	6.82
13134	33.18	26.64	6.54
13164	33.46	26.73	6.73
13194	33.56	26.64	6.92
13224	33.46	26.73	6.73
13254	33.56	26.64	6.92
13284	33.56	26.64	6.92
13314	33.66	26.73	6.93
13344	33.56	26.73	6.83
13374	33.46	26.64	6.82
13404	33.56	26.73	6.83
13434	33.85	26.82	7.03
13464	33.56	26.64	6.92
13494	33.56	26.73	6.83
13525	33.56	26.73	6.83
13555	33.46	26.64	6.82
13525	33.56	26.73	6.83
13555	33.46	26.64	6.82
13585	33.18	26.64	6.54
13615	33.18	26.73	6.45
13645	33.27	26.73	6.54
13675	33.18	26.73	6.45
13705	33.27	26.73	6.54
13735	33.18	26.73	6.45
13765	33.27	26.73	6.54
13795	33.18	26.73	6.45
13825	33.37	26.82	6.55
13855	33.56	26.73	6.83
13885	33.56	26.73	6.83
13915	33.46	26.73	6.73
13945	33.46	26.64	6.82
13975	33.56	26.64	6.92
14005	33.56	26.64	6.92
14035	33.56	26.73	6.83
14066	33.37	26.55	6.82
14096	33.56	26.73	6.83
14126	33.46	26.73	6.73
14156	33.46	26.64	6.82
14186	33.56	26.73	6.83
14216	33.46	26.73	6.73
14246	33.56	26.64	6.92
14276	33.46	26.64	6.82
14306	33.56	26.82	6.74
14336	33.56	26.73	6.83
14366	33.56	26.82	6.74
14396	33.56	26.82	6.74
14426	33.37	26.82	6.55
14456	33.37	26.73	6.64
14486	33.46	26.73	6.73
14516	33.46	26.73	6.73
14546	33.37	26.64	6.73
14576	33.46	26.73	6.73
14607	33.56	26.73	6.83
14637	33.46	26.64	6.82
14667	33.08	26.73	6.35
14697	33.08	26.64	6.44
14727	32.98	26.73	6.25
14757	33.18	26.82	6.36
16019	32.89	26.64	6.25
16049	32.79	26.64	6.15
16079	32.89	26.64	6.25
16109	32.70	26.64	6.06
16139	32.79	26.64	6.15
16169	32.89	26.64	6.25
16199	32.79	26.64	6.15
16229	32.79	26.64	6.15
16260	32.79	26.55	6.24
16290	32.79	26.55	6.24
16320	32.70	26.46	6.24
16350	32.79	26.64	6.15
16380	32.70	26.64	6.06
16410	32.70	26.64	6.06
16440	33.56	26.73	6.83
16470	32.70	26.64	6.06
16500	32.60	26.55	6.05
16530	32.60	26.64	5.96
16560	32.60	26.64	5.96
16590	32.32	26.55	5.77
16620	32.51	26.55	5.96
16650	32.60	26.55	6.05
16680	32.41	26.64	5.77
16710	32.60	26.55	6.05
16740	32.60	26.46	6.14
16770	32.51	26.55	5.96
16800	32.70	26.55	6.15
16831	32.60	26.46	6.14
16861	32.51	26.55	5.96
16891	32.51	26.46	6.05
16921	32.51	26.64	5.87
16951	32.60	26.64	5.96
16981	32.51	26.64	5.87
17011	32.51	26.64	5.87
17041	32.41	26.55	5.86
17071	32.41	26.64	5.77
17101	32.51	26.64	5.87
17131	32.51	26.55	5.96
17161	32.32	26.55	5.77
17191	32.32	26.55	5.77
17131	32.51	26.55	5.96
17161	32.32	26.55	5.77
17191	32.32	26.55	5.77
17221	32.41	26.55	5.86
17251	32.41	26.64	5.77
17281	32.22	26.64	5.58
17311	32.41	26.55	5.86
17341	32.41	26.64	5.77
17372	32.32	26.55	5.77
17402	32.41	26.55	5.86
17432	32.32	26.64	5.68
17462	32.32	26.55	5.77
17492	32.32	26.55	5.77
17522	32.32	26.55	5.77
17552	31.56	26.55	5.01
17582	32.32	26.55	5.77
17612	32.22	26.55	5.67
17642	32.22	26.55	5.67
17672	32.22	26.55	5.67
17702	32.22	26.55	5.67
17732	32.13	26.55	5.58
17762	32.13	26.55	5.58
17792	32.22	26.55	5.67
17822	32.32	26.55	5.77
17852	32.22	26.55	5.67
17882	32.22	26.55	5.67
17912	32.32	26.55	5.77
17943	32.22	26.55	5.67
17973	32.22	26.55	5.67
18003	32.22	26.55	5.67
18033	32.22	26.55	5.67
18063	32.22	26.55	5.67
18093	32.22	26.55	5.67
18123	32.22	26.55	5.67
18153	32.22	26.55	5.67
18183	32.22	26.55	5.67
18213	32.22	26.55	5.67
18243	32.13	26.55	5.58
18273	32.13	26.55	5.58
18303	32.03	26.55	5.48
18333	31.94	26.55	5.39
18363	31.94	26.55	5.39
18393	31.85	26.55	5.30
18423	31.94	26.55	5.39
18453	31.85	26.55	5.30
18483	31.85	26.55	5.30
18514	31.94	26.55	5.39
18544	31.94	26.46	5.48
18574	31.94	26.46	5.48
18604	31.94	26.55	5.39
18634	31.75	26.55	5.20
18664	31.85	26.55	5.30
18694	32.03	26.55	5.48
18724	31.85	26.55	5.30
18754	31.85	26.55	5.30
18784	31.75	26.55	5.20
18814	31.85	26.55	5.30
18844	31.85	26.55	5.30
18874	31.85	26.55	5.30
18904	32.13	26.55	5.58
18934	31.94	26.55	5.39
18964	31.75	26.55	5.20
18994	31.75	26.55	5.20
19024	31.85	26.46	5.39
19055	31.75	26.46	5.29
19085	31.66	26.55	5.11
19115	31.85	26.46	5.39
19145	31.66	26.46	5.20
19175	31.56	26.55	5.01
19205	31.66	26.55	5.11
19235	31.56	26.55	5.01
19265	31.38	26.55	4.83
19295	31.38	26.55	4.83
19325	31.28	26.55	4.73
19355	31.38	26.55	4.83
19385	31.28	26.55	4.73
19415	31.19	26.55	4.64
19445	31.28	26.55	4.73
19475	31.19	26.55	4.64
19505	31.19	26.55	4.64
19535	31.19	26.55	4.64
19565	31.28	26.46	4.82
19596	31.19	26.55	4.64
19626	31.28	26.55	4.73
19656	30.63	26.55	4.08
19686	31.10	26.64	4.46
19716	31.10	26.55	4.55
19746	31.19	26.55	4.64
19776	31.10	26.55	4.55
19806	30.63	26.64	3.99
19836	31.10	26.55	4.55
19866	31.10	26.55	4.55
19896	31.00	26.64	4.36
19926	31.00	26.55	4.45
19956	30.82	26.55	4.27
19986	31.00	26.55	4.45
20016	30.91	26.55	4.36
20046	31.10	26.64	4.46
20076	30.91	26.55	4.36
20106	30.91	26.55	4.36
20136	30.82	26.64	4.18
20167	30.72	26.64	4.08
20197	30.63	26.55	4.08
20227	30.82	26.55	4.27
20257	30.72	26.55	4.17
20287	30.63	26.55	4.08
20317	30.45	26.55	3.90
20347	30.54	26.55	3.99
20377	30.54	26.55	3.99
20407	30.54	26.55	3.99
20437	30.54	26.55	3.99
20467	30.45	26.55	3.90
20497	30.54	26.55	3.99
20527	30.45	26.55	3.90
20557	30.26	26.55	3.71
20587	30.26	26.55	3.71
20617	30.26	26.55	3.71
20647	30.17	26.55	3.62
20677	30.17	26.55	3.62
20708	30.26	26.55	3.71
20738	30.17	26.46	3.71
20768	30.17	26.55	3.62
20798	30.17	26.55	3.62
20828	30.08	26.55	3.53
20858	30.08	26.55	3.53
20888	30.08	26.55	3.53
20918	29.99	26.55	3.44
20948	29.89	26.46	3.43
20978	29.99	26.46	3.53
21008	29.99	26.55	3.44
21038	29.99	26.55	3.44
21068	29.71	26.55	3.16
21098	29.62	26.55	3.07
21128	29.62	26.46	3.16
21158	29.62	26.46	3.16
21188	29.43	26.55	2.88
21218	29.71	26.55	3.16
21248	29.62	26.46	3.16
21279	29.62	26.46	3.16
21309	29.62	26.55	3.07
21339	29.62	26.46	3.16
21369	29.62	26.46	3.16
21399	29.53	26.46	3.07
21429	29.53	26.46	3.07
21459	29.43	26.46	2.97
21489	29.43	26.55	2.88
21519	29.34	26.55	2.79
21549	29.34	26.55	2.79
21579	29.34	26.46	2.88
21609	29.34	26.46	2.88
21639	29.25	26.55	2.70
21669	29.25	26.46	2.79
21699	29.16	26.46	2.70
21729	29.25	26.55	2.70
21759	29.16	26.55	2.61
21789	29.16	26.55	2.61
21820	29.07	26.55	2.52
21850	29.07	26.46	2.61
21880	28.98	26.28	2.70
21910	28.89	26.28	2.61
21940	28.80	26.19	2.61
21970	28.80	26.02	2.78
22030	28.89	26.28	2.61
22060	28.89	26.19	2.70
22090	28.98	26.19	2.79
22120	28.98	26.10	2.88
22150	28.98	26.19	2.79
22180	28.98	26.19	2.79
22210	28.98	26.02	2.96
22240	28.98	26.10	2.88
22270	29.07	26.10	2.97
22300	29.16	26.10	3.06
22330	29.07	26.02	3.05
22361	29.07	26.10	2.97
22391	29.07	25.84	3.23
22421	29.16	26.02	3.14
22451	29.25	25.66	3.59
22481	29.25	25.75	3.50
22511	29.25	25.93	3.32
22541	29.34	25.66	3.68
22571	29.34	26.02	3.32
22601	29.43	25.93	3.50
22631	29.53	25.66	3.87
22661	29.53	25.93	3.60
22691	29.62	25.93	3.69
22721	29.62	25.93	3.69
22751	29.62	25.84	3.78
22781	29.53	25.93	3.60
22811	29.71	26.02	3.69
22841	29.71	25.93	3.78
22871	29.71	25.84	3.87
22902	29.80	25.84	3.96
22932	29.71	25.84	3.87
22962	29.62	25.93	3.69
22992	29.71	25.66	4.05
23022	29.71	25.75	3.96
23052	29.89	25.75	4.14
23082	29.99	25.84	4.15
23112	29.99	25.75	4.24
23142	29.99	25.84	4.15
23172	29.99	25.75	4.24
23232	30.17	25.75	4.42
23262	30.17	25.84	4.33
23292	30.26	25.75	4.51
23322	30.17	25.75	4.42
23352	30.26	25.84	4.42
23382	30.35	25.84	4.51
23412	30.35	25.75	4.60
23442	30.54	25.93	4.61
23473	30.54	26.02	4.52
23503	30.63	26.02	4.61
23533	30.63	25.93	4.70
23563	30.63	25.93	4.70
23593	30.63	25.93	4.70
23623	30.54	25.66	4.88
23653	30.54	26.02	4.52
23683	30.72	25.93	4.79
23713	30.63	25.84	4.79
23743	30.63	25.93	4.70
23773	30.54	25.93	4.61
23803	30.63	25.84	4.79
23833	30.82	25.75	5.07
23863	30.82	25.66	5.16
23893	30.82	25.84	4.98
23923	30.82	25.66	5.16
23953	30.82	25.75	5.07
23983	30.82	25.66	5.16
24014	30.72	25.48	5.24
24044	30.72	25.66	5.06
24074	31.00	25.57	5.43
24104	30.91	25.75	5.16
24134	31.10	25.75	5.35
24164	31.10	25.84	5.26
24194	31.10	25.84	5.26
24224	31.00	25.66	5.34
24254	31.00	25.84	5.16
24284	31.10	25.75	5.35
24314	31.00	25.66	5.34
24344	31.10	25.57	5.53
24374	31.19	25.66	5.53
24404	31.10	25.66	5.44
24404	31.10	25.66	5.44
24434	31.00	25.66	5.34
24464	31.00	25.75	5.25
24494	31.00	25.66	5.34
24524	31.19	25.66	5.53
24554	31.19	25.48	5.71
24585	31.10	25.57	5.53
24615	31.10	25.57	5.53
24645	31.10	25.57	5.53
24675	31.10	25.57	5.53
24705	31.28	25.40	5.88
24735	31.19	25.48	5.71
24765	31.19	25.48	5.71
24795	31.28	25.57	5.71
24825	31.28	25.48	5.80
24855	31.38	25.57	5.81
24885	31.28	25.48	5.80
24915	31.38	25.48	5.90
24945	31.28	25.40	5.88
24975	31.38	25.40	5.98
25005	31.28	25.40	5.88
25035	31.38	25.40	5.98
25065	31.38	25.48	5.90
25095	31.38	25.31	6.07
25125	31.28	25.31	5.97
25156	31.38	25.31	6.07
25186	31.28	25.31	5.97
25216	31.38	25.31	6.07
25246	31.28	25.40	5.88
25276	31.38	25.40	5.98
25306	31.38	25.31	6.07
25336	31.38	25.40	5.98
25366	31.38	25.40	5.98
25396	31.38	25.31	6.07
25426	31.47	25.57	5.90
25456	31.47	25.57	5.90
25486	31.47	25.57	5.90
25516	31.47	25.40	6.07
25546	31.38	25.48	5.90
25576	31.28	25.48	5.80
25606	31.28	25.40	5.88
25636	31.28	25.48	5.80
25666	31.38	25.57	5.81
25697	31.47	25.48	5.99
25727	31.28	25.40	5.88
25757	31.47	25.40	6.07
25787	31.47	25.40	6.07
25817	31.38	25.40	5.98
25847	31.38	25.40	5.98
25877	31.38	25.40	5.98
25907	31.47	25.22	6.25
25937	31.47	25.40	6.07
25967	31.47	25.40	6.07
25997	31.56	25.48	6.08
26027	31.47	25.57	5.90
26057	31.28	25.48	5.80
26087	31.47	25.40	6.07
26117	31.28	25.48	5.80
26147	31.38	25.31	6.07
26177	31.47	25.48	5.99
26207	31.56	25.57	5.99
26238	31.56	25.40	6.16
26268	31.47	25.48	5.99
26298	31.38	25.48	5.90
26328	31.38	25.31	6.07
26358	31.28	25.40	5.88
26388	31.28	25.48	5.80
26418	31.47	25.57	5.90
26448	31.28	25.57	5.71
26478	31.75	25.48	6.27
26508	31.47	25.48	5.99
26538	31.56	25.57	5.99
26568	31.38	25.57	5.81
26598	31.47	25.66	5.81
26628	31.28	25.66	5.62
26658	31.38	25.66	5.72
26688	31.38	25.57	5.81
26718	31.10	25.66	5.44
26748	31.10	25.75	5.35
26779	31.10	25.57	5.53
26809	31.00	25.57	5.43
26809	31.00	25.57	5.43
26839	30.91	25.48	5.43
26869	31.00	25.40	5.60
26899	31.19	25.48	5.71
26929	31.19	25.48	5.71
26959	31.19	25.48	5.71
26989	31.28	25.48	5.80
27019	31.28	25.66	5.62
27049	31.28	25.75	5.53
27079	31.28	25.66	5.62
27109	31.19	25.57	5.62
27139	31.19	25.66	5.53
27169	31.19	25.57	5.62
27199	31.19	25.57	5.62
27229	31.28	25.66	5.62
27259	31.28	25.66	5.62
27289	31.28	25.75	5.53
27319	31.19	25.48	5.71
27350	31.38	25.66	5.72
27380	31.00	25.57	5.43
27410	31.00	25.57	5.43
27440	31.00	25.48	5.52
27470	31.10	25.57	5.53
27500	31.00	25.40	5.60
27530	31.19	25.66	5.53
27560	31.10	25.48	5.62
27590	31.00	25.40	5.60
27620	30.91	25.40	5.51
27650	30.91	25.57	5.34
27680	31.00	25.57	5.43
27710	31.00	25.57	5.43
27740	31.10	25.48	5.62
27770	31.10	25.40	5.70
27800	31.10	25.48	5.62
27830	31.10	25.48	5.62
27860	31.00	25.48	5.52
27891	31.00	25.48	5.52
27921	31.00	25.66	5.34
27951	31.10	25.75	5.35
27981	31.19	25.84	5.35
28011	31.19	25.84	5.35
28041	31.19	25.84	5.35
28071	31.19	25.93	5.26
28101	31.28	25.93	5.35
28131	31.28	25.93	5.35
28161	31.19	25.93	5.26
28191	31.19	25.93	5.26
28221	31.19	25.93	5.26
28251	31.19	25.93	5.26
28281	31.19	25.93	5.26
28311	31.38	25.93	5.45
28341	31.28	25.93	5.35
28371	31.38	26.02	5.36
28401	31.38	25.93	5.45
28432	31.38	26.02	5.36
28462	31.38	25.93	5.45
28492	31.38	26.02	5.36
28522	31.38	25.93	5.45
28552	31.28	25.93	5.35
28582	31.47	25.93	5.54
28612	31.38	25.93	5.45
28642	31.38	25.93	5.45
28672	31.38	25.93	5.45
28702	31.38	25.93	5.45
28732	31.38	25.93	5.45
28762	31.47	25.93	5.54
28792	31.19	25.93	5.26
28822	31.19	25.93	5.26
28852	31.28	26.02	5.26
28882	31.38	25.93	5.45
28912	31.47	25.93	5.54
28942	31.47	25.93	5.54
28972	31.56	25.93	5.63
29003	31.56	25.93	5.63
29033	31.56	25.93	5.63
29063	31.56	25.93	5.63
29093	31.66	25.84	5.82
29123	31.66	25.93	5.73
29153	31.56	25.93	5.63
29183	31.56	25.93	5.63
29213	31.56	26.02	5.54
29243	31.75	26.02	5.73
29273	31.75	26.02	5.73
29303	31.75	26.02	5.73
29333	31.75	26.02	5.73
29363	31.66	26.02	5.64
29393	31.75	26.02	5.73
29423	31.75	26.02	5.73
29453	31.75	26.02	5.73
29483	31.85	26.02	5.83
29514	31.75	26.02	5.73
29544	31.85	26.02	5.83
29574	31.85	26.02	5.83
29604	31.94	26.02	5.92
29634	32.03	26.02	6.01
29664	31.94	26.02	5.92
29694	31.94	26.02	5.92
29724	31.85	26.10	5.75
29754	31.85	26.02	5.83
29784	31.94	26.02	5.92
29814	31.94	26.10	5.84
29844	31.85	26.02	5.83
29874	31.94	26.02	5.92
29904	32.03	26.02	6.01
29934	32.03	26.02	6.01
29964	32.03	26.02	6.01
29994	32.03	25.93	6.10
30024	31.94	25.93	6.01
30054	32.13	26.10	6.03
30085	32.13	26.02	6.11
30115	32.03	26.10	5.93
30145	32.03	26.02	6.01
30175	32.13	26.10	6.03
30205	32.22	26.02	6.20
30235	32.13	26.02	6.11
30265	32.13	26.02	6.11
30295	32.03	26.02	6.01
30325	32.22	26.02	6.20
30355	32.22	26.02	6.20
30385	32.22	26.10	6.12
30295	32.03	26.02	6.01
30325	32.22	26.02	6.20
30355	32.22	26.02	6.20
30385	32.22	26.10	6.12
30415	32.13	26.02	6.11
30445	32.22	26.10	6.12
30475	32.22	26.10	6.12
30505	32.13	26.10	6.03
30535	32.13	26.10	6.03
30565	31.85	26.10	5.75
30595	31.85	26.10	5.75
30626	31.94	26.10	5.84
30656	32.13	26.10	6.03
30686	32.22	26.10	6.12
30716	32.22	26.10	6.12
30746	32.22	26.10	6.12
30776	32.22	26.10	6.12
30806	32.13	26.02	6.11
30836	32.22	26.02	6.20
30866	32.22	26.10	6.12
30896	32.32	26.02	6.30
30926	32.13	26.02	6.11
30956	32.22	26.10	6.12
30986	32.22	26.10	6.12
31016	32.22	26.10	6.12
31046	32.13	26.10	6.03
31076	32.22	26.10	6.12
31106	32.22	26.10	6.12
31136	32.22	26.10	6.12
31166	32.13	26.10	6.03
31197	32.22	26.10	6.12
31227	32.22	26.10	6.12
31257	32.03	26.10	5.93
31287	32.13	26.10	6.03
31317	32.13	26.10	6.03
31347	32.13	26.10	6.03
31377	32.22	26.02	6.20
31407	32.22	26.10	6.12
31437	32.22	26.10	6.12
31467	32.13	26.10	6.03
31497	32.13	26.10	6.03
31527	32.13	26.10	6.03
31557	32.13	26.10	6.03
31587	32.13	26.10	6.03
31617	32.13	26.10	6.03
31647	31.94	26.19	5.75
31677	32.13	26.19	5.94
31707	32.13	26.19	5.94
31738	32.03	26.10	5.93
31768	32.03	26.10	5.93
31798	32.03	26.10	5.93
31828	32.13	26.10	6.03
31858	32.03	26.10	5.93
31888	32.03	26.02	6.01
31918	32.13	26.10	6.03
31948	32.03	26.19	5.84
31978	32.03	26.19	5.84
32008	32.13	26.19	5.94
32038	31.94	26.19	5.75
32068	31.85	26.10	5.75
32098	32.13	26.10	6.03
32128	32.03	26.10	5.93
32158	32.13	26.19	5.94
32188	32.13	26.10	6.03
32218	32.03	26.10	5.93
32248	32.13	26.10	6.03
32279	32.13	26.10	6.03
32309	32.22	26.10	6.12
32339	32.13	26.10	6.03
32369	32.13	26.10	6.03
32399	32.03	26.10	5.93
32429	32.22	26.10	6.12
32459	32.13	26.19	5.94
32489	32.13	26.10	6.03
32519	32.13	26.19	5.94
32549	32.03	26.10	5.93
32579	32.03	26.10	5.93
32609	32.03	26.10	5.93
32639	32.13	26.10	6.03
32669	32.13	26.10	6.03
32639	32.13	26.10	6.03
32669	32.13	26.10	6.03
32699	32.22	26.10	6.12
32729	32.22	26.10	6.12
32759	32.22	26.10	6.12
32789	32.13	26.02	6.11
32819	32.22	26.10	6.12
32850	32.22	26.10	6.12
32880	32.13	26.19	5.94
32910	32.03	26.19	5.84
32940	32.13	26.28	5.85
32970	32.22	26.10	6.12
33000	32.03	26.02	6.01
33030	32.13	26.10	6.03
33060	31.94	26.10	5.84
33090	32.03	26.10	5.93
33120	32.13	26.10	6.03
33150	32.22	26.10	6.12
33180	32.13	26.10	6.03
33210	32.13	26.02	6.11
33240	32.13	26.10	6.03
33270	32.13	26.10	6.03
33300	32.13	26.10	6.03
33330	32.03	26.02	6.01
33360	32.03	26.02	6.01
33390	32.13	26.10	6.03
33421	32.03	26.02	6.01
33451	32.13	26.02	6.11
33481	32.13	26.02	6.11
33511	32.03	26.02	6.01
33541	32.03	25.93	6.10
33571	32.13	26.10	6.03
33601	32.13	26.02	6.11
33631	32.03	26.02	6.01
33661	32.13	26.02	6.11
33691	32.13	26.02	6.11
33721	32.13	26.02	6.11
33751	32.03	26.10	5.93
33781	32.03	26.02	6.01
33811	32.03	26.10	5.93
33841	32.13	26.10	6.03
33871	32.22	26.10	6.12
33901	31.94	26.02	5.92
33931	32.03	26.02	6.01
33962	32.13	26.02	6.11
33992	32.13	26.10	6.03
33931	32.03	26.02	6.01
33962	32.13	26.02	6.11
33992	32.13	26.10	6.03
34022	32.03	26.02	6.01
34052	32.13	26.02	6.11
34082	32.13	26.02	6.11
34112	32.03	26.02	6.01
34142	32.03	26.10	5.93
34172	32.03	26.02	6.01
34202	32.13	26.10	6.03
34232	32.13	25.93	6.20
34262	32.13	26.10	6.03
34292	32.13	26.10	6.03
34322	32.13	26.10	6.03
34352	32.13	26.10	6.03
34382	32.13	26.10	6.03
34412	32.03	26.02	6.01
34442	32.03	26.02	6.01
34472	32.13	26.10	6.03
34503	32.13	26.10	6.03
34533	31.94	26.10	5.84
34563	32.13	26.02	6.11
34593	32.13	26.10	6.03
34623	32.13	26.02	6.11
34653	32.13	26.02	6.11
34683	32.13	26.02	6.11
34713	32.13	26.02	6.11
34743	32.13	26.02	6.11
34773	32.03	26.10	5.93
34803	32.22	26.10	6.12
34833	32.22	26.10	6.12
34863	32.22	26.10	6.12
34893	32.13	26.10	6.03
34923	32.13	26.02	6.11
34953	32.13	26.02	6.11
34983	32.13	26.02	6.11
35013	32.13	26.02	6.11
35043	32.13	25.93	6.20
35074	32.22	26.02	6.20
35104	32.13	26.02	6.11
35134	32.13	26.02	6.11
35164	32.22	26.10	6.12
35194	32.03	26.10	5.93
35224	32.22	26.10	6.12
35254	32.13	26.10	6.03
35194	32.03	26.10	5.93
35224	32.22	26.10	6.12
35254	32.13	26.10	6.03
35284	32.13	26.10	6.03
35314	32.13	26.02	6.11
35344	32.22	26.10	6.12
35374	32.13	26.10	6.03
35404	32.13	26.10	6.03
35434	32.03	26.02	6.01
35464	31.94	26.19	5.75
35494	32.13	26.10	6.03
35524	32.22	26.10	6.12
35554	32.13	26.10	6.03
35584	32.22	26.10	6.12
35615	32.22	26.19	6.03
35645	32.22	26.10	6.12
35675	32.22	26.10	6.12
35705	32.13	26.10	6.03
35735	32.22	26.10	6.12
35765	32.22	26.02	6.20
35795	32.13	26.02	6.11
35825	32.13	26.02	6.11
35855	32.22	26.10	6.12
35885	32.13	26.10	6.03
35915	32.13	26.10	6.03
35945	32.22	26.02	6.20
35975	32.22	26.10	6.12
36005	32.22	26.19	6.03
36035	32.22	26.10	6.12
36065	32.22	26.10	6.12
36095	32.22	26.10	6.12
36125	32.03	26.10	5.93
36156	32.32	26.10	6.22
36186	32.22	26.10	6.12
36216	32.22	26.10	6.12
36246	32.22	26.10	6.12
36276	32.22	26.10	6.12
36306	32.13	26.10	6.03
36336	32.13	26.10	6.03
36366	32.13	26.10	6.03
36396	32.13	26.10	6.03
36426	32.13	26.10	6.03
36456	32.22	26.10	6.12
36486	32.22	26.10	6.12
36516	32.22	26.10	6.12
36546	32.22	26.02	6.20
36576	32.13	26.02	6.11
36606	32.13	26.02	6.11
36636	32.13	26.10	6.03
36666	32.22	26.10	6.12
36696	32.13	26.10	6.03
36726	32.03	26.02	6.01
36757	32.13	26.10	6.03
36787	32.22	26.10	6.12
36817	32.03	26.10	5.93
36847	32.13	26.02	6.11
36877	32.13	26.02	6.11
36907	32.13	26.10	6.03
36937	32.13	26.02	6.11
36967	32.13	26.02	6.11
36997	32.22	26.10	6.12
37027	32.13	26.10	6.03
37057	32.13	26.02	6.11
37087	32.03	26.10	5.93
37117	31.85	26.10	5.75
37147	32.03	26.02	6.01
37177	32.13	26.10	6.03
37207	32.03	26.02	6.01
37237	31.94	26.02	5.92
37267	32.03	26.10	5.93
37298	31.94	26.10	5.84
37328	32.03	26.10	5.93
37358	32.03	26.10	5.93
37388	32.03	26.10	5.93
37418	32.03	26.10	5.93
37448	32.03	26.10	5.93
37478	32.13	26.02	6.11
37508	32.13	26.02	6.11
37538	32.13	26.02	6.11
37568	32.03	26.10	5.93
37628	32.13	26.19	5.94
37658	32.03	26.10	5.93
37688	32.03	26.10	5.93
37718	32.03	26.10	5.93
37748	32.03	26.19	5.84
37778	31.94	26.02	5.92
37808	31.94	26.10	5.84
37839	31.85	26.02	5.83
37869	32.03	26.10	5.93
37899	32.03	26.02	6.01
37929	32.03	26.10	5.93
37959	31.94	26.02	5.92
37989	31.94	26.02	5.92
38019	32.03	26.02	6.01
38049	31.94	26.02	5.92
38079	31.94	26.10	5.84
38109	32.03	26.10	5.93
38139	31.94	26.10	5.84
38169	32.03	26.10	5.93
38199	32.03	26.10	5.93
38229	32.03	26.10	5.93
38259	32.13	26.10	6.03
38289	32.13	26.10	6.03
38319	32.03	26.10	5.93
38349	32.03	26.10	5.93
38380	31.94	26.02	5.92
38410	31.94	26.02	5.92
38440	32.03	26.02	6.01
38470	32.03	26.19	5.84
38500	32.13	26.10	6.03
38530	32.03	26.10	5.93
38560	32.13	26.02	6.11
38590	31.85	26.02	5.83
38620	31.85	26.10	5.75
38650	31.85	26.10	5.75
38680	31.75	26.02	5.73
38710	31.85	26.02	5.83
38740	32.03	26.02	6.01
38770	31.94	26.02	5.92
38800	32.03	26.02	6.01
38800	32.03	26.02	6.01
38830	32.03	26.10	5.93
38860	31.94	25.93	6.01
38890	31.94	26.02	5.92
38920	31.94	26.02	5.92
38950	31.94	26.19	5.75
38981	31.94	26.02	5.92
39011	32.03	26.02	6.01
39041	32.03	26.10	5.93
39071	32.03	26.02	6.01
39101	32.13	26.10	6.03
39131	32.03	26.19	5.84
39161	32.03	26.10	5.93
39191	31.94	26.10	5.84
39221	32.13	26.02	6.11
39251	31.85	26.10	5.75
39281	31.85	26.10	5.75
39311	32.03	26.10	5.93
39341	32.03	26.19	5.84
39371	32.03	26.10	5.93
39401	32.03	26.02	6.01
39431	32.13	26.10	6.03
39461	32.03	26.02	6.01
39492	32.03	26.02	6.01
39522	32.13	26.02	6.11
39552	32.13	26.10	6.03
39582	32.13	26.02	6.11
39612	32.13	26.10	6.03
39642	32.13	26.10	6.03
39672	32.03	26.10	5.93
39702	32.22	26.10	6.12
39732	32.13	26.02	6.11
39762	32.13	26.02	6.11
39792	32.22	26.02	6.20
39822	32.13	26.02	6.11
39852	32.03	26.02	6.01
39882	32.13	26.02	6.11
39912	32.13	26.19	5.94
39942	32.13	26.02	6.11
39972	32.13	26.02	6.11
40002	32.22	26.10	6.12
39912	32.13	26.19	5.94
39942	32.13	26.02	6.11
39972	32.13	26.02	6.11
40002	32.22	26.10	6.12
40032	32.13	26.02	6.11
40063	32.13	25.93	6.20
40093	32.03	26.02	6.01
40123	32.03	26.02	6.01
40153	32.13	26.10	6.03
40183	32.13	26.02	6.11
40213	32.03	26.02	6.01
40243	32.13	26.10	6.03
40273	32.13	26.10	6.03
40303	32.03	26.10	5.93
40333	32.13	25.93	6.20
40363	32.13	26.10	6.03
40393	32.22	26.10	6.12
40423	32.22	26.02	6.20
40453	32.22	26.10	6.12
40483	32.22	26.10	6.12
40513	32.13	26.10	6.03
40543	32.13	26.10	6.03
40573	32.22	26.19	6.03
40604	32.22	26.19	6.03
40634	32.13	26.10	6.03
40664	32.22	26.10	6.12
40694	32.22	26.10	6.12
40724	32.22	26.10	6.12
40754	32.32	26.02	6.30
40784	32.13	26.10	6.03
40814	32.03	26.02	6.01
40844	32.22	26.10	6.12
40874	32.13	26.10	6.03
40904	32.22	26.02	6.20
40934	32.22	26.02	6.20
40964	32.13	26.02	6.11
40994	32.22	26.02	6.20
41024	32.22	26.02	6.20
41054	32.13	26.10	6.03
41084	32.22	26.10	6.12
41114	32.22	26.19	6.03
41144	32.22	26.19	6.03
41166	32.13	26.10	6.03
41196	32.22	26.10	6.12
41226	32.22	26.10	6.12
41256	32.22	26.10	6.12
41166	32.13	26.10	6.03
41196	32.22	26.10	6.12
41226	32.22	26.10	6.12
41256	32.22	26.10	6.12
41286	32.22	26.10	6.12
41316	32.22	26.02	6.20
41346	32.22	26.10	6.12
41376	32.03	26.10	5.93
41406	32.13	26.10	6.03
41436	32.22	26.10	6.12
41466	32.22	26.10	6.12
41496	32.13	26.10	6.03
41526	32.22	26.10	6.12
41556	32.03	26.10	5.93
41586	32.13	26.10	6.03
41616	32.13	26.10	6.03
41647	32.22	26.19	6.03
41677	32.13	26.10	6.03
41707	32.13	26.10	6.03
41737	32.13	26.10	6.03
41767	32.13	26.02	6.11
