Time	V	A	mAh
0	2.50	0.09	0.00
30	2.60	0.09	0.75
60	2.65	0.09	1.50
90	2.69	0.09	2.25
120	2.71	0.09	3.00
150	2.73	0.09	3.75
180	2.75	0.09	4.50
210	2.76	0.09	5.25
240	2.77	0.09	6.00
270	2.78	0.09	6.75
300	2.79	0.09	7.50
330	2.80	0.09	8.25
360	2.81	0.09	9.00
390	2.82	0.09	9.75
420	2.83	0.09	10.50
450	2.84	0.09	11.25
480	2.84	0.09	12.00
510	2.85	0.09	12.75
540	2.93	0.98	20.92
570	2.93	0.98	29.08
600	3.02	0.98	37.25
630	3.05	0.98	45.42
660	3.08	0.98	53.58
690	3.10	0.98	61.75
720	3.12	0.98	69.92
750	3.14	0.98	78.08
780	3.16	0.98	86.25
810	3.17	0.98	94.42
840	3.19	0.98	102.58
870	3.20	0.98	110.75
900	3.21	0.98	118.92
930	3.23	0.98	127.08
960	3.24	0.98	135.25
990	3.25	0.98	143.42
1020	3.26	0.98	151.58
1050	3.26	0.98	159.75
1080	3.29	0.98	167.92
1110	3.29	0.98	176.08
1140	3.30	0.98	184.25
1170	3.31	0.98	192.42
1200	3.32	0.98	200.58
1230	3.33	0.98	208.75
1260	3.33	0.98	216.92
1290	3.34	0.98	225.08
1320	3.35	0.98	233.25
1350	3.35	0.98	241.42
1380	3.36	0.98	249.58
1410	3.37	0.98	257.75
1440	3.37	0.98	265.92
1470	3.37	0.98	274.08
1500	3.38	0.98	282.25
1530	3.38	0.98	290.42
1560	3.39	0.98	298.58
1590	3.39	0.98	306.75
1620	3.39	0.98	314.92
1650	3.40	0.98	323.08
1680	3.40	0.98	331.25
1710	3.41	0.98	339.42
1740	3.41	0.98	347.58
1770	3.41	0.98	355.75
1800	3.42	0.98	363.92
1830	3.42	0.98	372.08
1860	3.42	0.98	380.25
1890	3.43	0.98	388.42
1920	3.43	0.98	396.58
1950	3.43	0.98	404.75
1980	3.44	0.98	412.92
2010	3.44	0.98	421.08
2040	3.44	0.98	429.25
2070	3.45	0.98	437.42
2100	3.45	0.98	445.58
2130	3.45	0.98	453.75
2160	3.46	0.98	461.92
2190	3.46	0.98	470.08
2220	3.46	0.98	478.25
2250	3.46	0.98	486.42
2280	3.46	0.98	494.58
2310	3.46	0.98	502.75
2340	3.47	0.98	510.92
2370	3.47	0.98	519.08
2400	3.47	0.98	527.25
2430	3.47	0.98	535.42
2460	3.47	0.98	543.58
2490	3.48	0.98	551.75
2520	3.48	0.98	559.92
2550	3.48	0.98	568.08
2580	3.48	0.98	576.25
2610	3.48	0.98	584.42
2640	3.48	0.98	592.58
2670	3.48	0.98	600.75
2700	3.49	0.98	608.92
2730	3.49	0.98	617.08
2760	3.49	0.98	625.25
2790	3.49	0.98	633.42
2820	3.49	0.98	641.58
2850	3.49	0.98	649.75
2880	3.49	0.98	657.92
2910	3.50	0.98	666.08
2940	3.50	0.98	674.25
2970	3.50	0.98	682.42
3000	3.50	0.98	690.58
3030	3.50	0.98	698.75
3060	3.51	0.98	706.92
3090	3.51	0.98	715.08
3120	3.51	0.98	723.25
3150	3.51	0.98	731.42
3180	3.51	0.98	739.58
3210	3.51	0.98	747.75
3240	3.51	0.98	755.92
3270	3.51	0.98	764.08
3300	3.52	0.98	772.25
3330	3.52	0.98	780.42
3360	3.52	0.98	788.58
3390	3.52	0.98	796.75
3420	3.52	0.98	804.92
3450	3.52	0.98	813.08
3480	3.52	0.98	821.25
3510	3.52	0.98	829.42
3540	3.52	0.98	837.58
3570	3.52	0.98	845.75
3600	3.52	0.98	853.92
3630	3.52	0.98	862.08
3660	3.52	0.98	870.25
3690	3.54	0.98	878.42
3720	3.54	0.98	886.58
3750	3.54	0.98	894.75
3780	3.54	0.98	902.92
3810	3.54	0.98	911.08
3840	3.55	0.98	919.25
3870	3.55	0.98	927.42
3900	3.55	0.98	935.58
3930	3.55	0.98	943.75
3960	3.55	0.98	951.92
3990	3.55	0.98	960.08
4020	3.56	0.98	968.25
4050	3.56	0.98	976.42
4080	3.56	0.98	984.58
4110	3.56	0.98	992.75
4140	3.56	0.98	1000.92
4170	3.56	0.98	1009.08
4200	3.57	0.98	1017.25
4230	3.57	0.98	1025.42
4260	3.57	0.98	1033.58
4290	3.57	0.98	1041.75
4320	3.57	0.98	1049.92
4350	3.57	0.98	1058.08
4380	3.58	0.98	1066.25
4410	3.58	0.98	1074.42
4440	3.58	0.98	1082.58
4470	3.58	0.98	1090.75
4500	3.58	0.98	1098.92
4530	3.59	0.98	1107.08
4560	3.59	0.98	1115.25
4590	3.59	0.98	1123.42
4620	3.59	0.98	1131.58
4650	3.59	0.98	1139.75
4680	3.59	0.98	1147.92
4710	3.60	0.98	1156.08
4740	3.60	0.98	1164.25
4770	3.60	0.98	1172.42
4800	3.60	0.98	1180.58
4830	3.60	0.98	1188.75
4860	3.60	0.98	1196.92
4890	3.61	0.98	1205.08
4920	3.61	0.98	1213.25
4950	3.61	0.98	1221.42
4980	3.61	0.98	1229.58
5010	3.61	0.98	1237.75
5040	3.61	0.98	1245.92
5070	3.61	0.98	1254.08
5100	3.62	0.98	1262.25
5130	3.62	0.98	1270.42
5160	3.62	0.98	1278.58
5190	3.62	0.98	1286.75
5220	3.62	0.98	1294.92
5250	3.62	0.98	1303.08
5280	3.63	0.98	1311.25
5310	3.63	0.98	1319.42
5340	3.63	0.98	1327.58
5370	3.63	0.98	1335.75
5400	3.63	0.98	1343.92
5430	3.63	0.98	1352.08
5460	3.64	0.98	1360.25
5490	3.64	0.98	1368.42
5520	3.64	0.98	1376.58
5550	3.64	0.98	1384.75
5580	3.64	0.98	1392.92
5610	3.64	0.98	1401.08
5640	3.65	0.98	1409.25
5670	3.65	0.98	1417.42
5700	3.65	0.98	1425.58
5730	3.65	0.98	1433.75
5760	3.65	0.98	1441.92
5790	3.65	0.98	1450.08
5820	3.65	0.98	1458.25
5850	3.65	0.98	1466.42
5880	3.66	0.98	1474.58
5910	3.66	0.98	1482.75
5940	3.66	0.98	1490.92
5970	3.66	0.98	1499.08
6000	3.66	0.98	1507.25
6030	3.66	0.98	1515.42
6060	3.66	0.98	1523.58
6090	3.66	0.98	1531.75
6120	3.67	0.98	1539.92
6150	3.67	0.98	1548.08
6180	3.67	0.98	1556.25
6210	3.67	0.98	1564.42
6240	3.67	0.98	1572.58
6270	3.67	0.98	1580.75
6300	3.67	0.98	1588.92
6330	3.67	0.98	1597.08
6360	3.67	0.98	1605.25
6390	3.68	0.98	1613.42
6420	3.68	0.98	1621.58
6450	3.68	0.98	1629.75
6480	3.68	0.98	1637.92
6510	3.68	0.98	1646.08
6540	3.68	0.98	1654.25
6570	3.68	0.98	1662.42
6600	3.68	0.98	1670.58
6630	3.68	0.98	1678.75
6660	3.69	0.98	1686.92
6690	3.69	0.98	1695.08
6720	3.69	0.98	1703.25
6750	3.69	0.98	1711.42
6780	3.69	0.98	1719.58
6810	3.69	0.98	1727.75
6840	3.69	0.98	1735.92
6870	3.69	0.98	1744.08
6900	3.69	0.98	1752.25
6930	3.70	0.98	1760.42
6960	3.70	0.98	1768.58
6990	3.70	0.98	1776.75
7020	3.70	0.98	1784.92
7050	3.71	0.98	1793.08
7080	3.71	0.98	1801.25
7110	3.71	0.98	1809.42
7140	3.71	0.98	1817.58
7170	3.71	0.98	1825.75
7200	3.71	0.98	1833.92
7230	3.71	0.98	1842.08
7260	3.72	0.98	1850.25
7290	3.72	0.98	1858.42
7320	3.72	0.98	1866.58
7350	3.72	0.98	1874.75
7380	3.72	0.98	1882.92
7410	3.72	0.98	1891.08
7440	3.72	0.98	1899.25
7470	3.73	0.98	1907.42
7500	3.73	0.98	1915.58
7530	3.73	0.98	1923.75
7560	3.73	0.98	1931.92
7590	3.73	0.98	1940.08
7620	3.73	0.98	1948.25
7650	3.73	0.98	1956.42
7680	3.73	0.98	1964.58
7710	3.73	0.98	1972.75
7740	3.74	0.98	1980.92
7770	3.74	0.98	1989.08
7800	3.74	0.98	1997.25
7830	3.74	0.98	2005.42
7860	3.74	0.98	2013.58
7890	3.74	0.98	2021.75
7920	3.75	0.98	2029.92
7950	3.75	0.98	2038.08
7980	3.75	0.98	2046.25
8010	3.75	0.98	2054.42
8040	3.75	0.98	2062.58
8070	3.75	0.98	2070.75
8100	3.75	0.98	2078.92
8130	3.76	0.98	2087.08
8160	3.76	0.98	2095.25
8190	3.76	0.98	2103.42
8220	3.76	0.98	2111.58
8250	3.76	0.98	2119.75
8280	3.76	0.98	2127.92
8310	3.76	0.98	2136.08
8340	3.77	0.98	2144.25
8370	3.77	0.98	2152.42
8400	3.77	0.98	2160.58
8430	3.77	0.98	2168.75
8460	3.77	0.98	2176.92
8490	3.77	0.98	2185.08
8520	3.77	0.98	2193.25
8550	3.78	0.98	2201.42
8580	3.78	0.98	2209.58
8610	3.78	0.98	2217.75
8640	3.78	0.98	2225.92
8670	3.78	0.98	2234.08
8700	3.78	0.98	2242.25
8730	3.79	0.98	2250.42
8760	3.79	0.98	2258.58
8790	3.79	0.98	2266.75
8820	3.79	0.98	2274.92
8850	3.79	0.98	2283.08
8880	3.79	0.98	2291.25
8910	3.80	0.99	2299.50
8940	3.80	0.99	2307.75
8970	3.80	0.99	2316.00
9000	3.80	0.98	2324.17
9030	3.80	0.98	2332.33
9060	3.80	0.98	2340.50
9090	3.81	0.98	2348.67
9120	3.81	0.98	2356.83
9150	3.81	0.98	2365.00
9180	3.81	0.98	2373.17
9210	3.81	0.98	2381.33
9240	3.81	0.98	2389.50
9270	3.82	0.98	2397.67
9300	3.82	0.98	2405.83
9330	3.82	0.98	2414.00
9360	3.82	0.98	2422.17
9390	3.82	0.98	2430.33
9420	3.82	0.98	2438.50
9450	3.83	0.98	2446.67
9480	3.83	0.98	2454.83
9510	3.83	0.98	2463.00
9540	3.83	0.98	2471.17
9570	3.83	0.98	2479.33
9600	3.83	0.98	2487.50
9630	3.83	0.98	2495.67
9660	3.84	0.98	2503.83
9690	3.84	0.98	2512.00
9720	3.84	0.98	2520.17
9750	3.84	0.98	2528.33
9780	3.84	0.98	2536.50
9810	3.85	0.98	2544.67
9840	3.85	0.98	2552.83
9870	3.85	0.98	2561.00
9900	3.85	0.98	2569.17
9930	3.85	0.98	2577.33
9960	3.86	0.98	2585.50
9990	3.86	0.98	2593.67
10020	3.86	0.98	2601.83
10050	3.86	0.98	2610.00
10080	3.86	0.98	2618.17
10110	3.86	0.98	2626.33
10140	3.87	0.98	2634.50
10170	3.87	0.98	2642.67
10200	3.87	0.98	2650.83
10230	3.87	0.98	2659.00
10260	3.87	0.98	2667.17
10290	3.87	0.98	2675.33
10320	3.88	0.98	2683.50
10350	3.88	0.98	2691.67
10380	3.88	0.98	2699.83
10410	3.88	0.98	2708.00
10440	3.88	0.98	2716.17
10470	3.88	0.98	2724.33
10500	3.88	0.98	2732.50
10530	3.89	0.98	2740.67
10560	3.89	0.98	2748.83
10590	3.89	0.98	2757.00
10620	3.89	0.98	2765.17
10650	3.89	0.98	2773.33
10680	3.89	0.98	2781.50
10710	3.89	0.98	2789.67
10740	3.90	0.98	2797.83
10770	3.90	0.98	2806.00
10800	3.90	0.98	2814.17
10830	3.90	0.98	2822.33
10860	3.90	0.98	2830.50
10890	3.90	0.98	2838.67
10920	3.91	0.98	2846.83
10950	3.91	0.98	2855.00
10980	3.91	0.98	2863.17
11010	3.91	0.98	2871.33
11040	3.91	0.98	2879.50
11070	3.91	0.98	2887.67
11100	3.91	0.98	2895.83
11130	3.92	0.98	2904.00
11160	3.92	0.98	2912.17
11190	3.92	0.98	2920.33
11220	3.92	0.98	2928.50
11250	3.92	0.98	2936.67
11280	3.92	0.98	2944.83
11310	3.92	0.98	2953.00
11340	3.92	0.98	2961.17
11370	3.93	0.98	2969.33
11400	3.93	0.98	2977.50
11430	3.93	0.98	2985.67
11460	3.93	0.98	2993.83
11490	3.93	0.98	3002.00
11520	3.93	0.98	3010.17
11550	3.93	0.98	3018.33
11580	3.93	0.98	3026.50
11610	3.94	0.98	3034.67
11640	3.94	0.98	3042.83
11670	3.94	0.98	3051.00
11700	3.94	0.98	3059.17
11730	3.94	0.98	3067.33
11760	3.94	0.98	3075.50
11790	3.94	0.98	3083.67
11820	3.95	0.98	3091.83
11850	3.95	0.98	3100.00
11880	3.95	0.98	3108.17
11910	3.95	0.98	3116.33
11940	3.95	0.98	3124.50
11970	3.95	0.98	3132.67
12000	3.95	0.98	3140.83
12030	3.95	0.98	3149.00
12060	3.96	0.98	3157.17
12090	3.96	0.98	3165.33
12120	3.96	0.98	3173.50
12150	3.96	0.98	3181.67
12180	3.96	0.98	3189.83
12210	3.96	0.98	3198.00
12240	3.96	0.98	3206.17
12270	3.96	0.98	3214.33
12300	3.96	0.98	3222.50
12330	3.97	0.98	3230.67
12360	3.97	0.98	3238.83
12390	3.97	0.98	3247.00
12420	3.97	0.98	3255.17
12450	3.97	0.98	3263.33
12480	3.97	0.98	3271.50
12510	3.97	0.98	3279.67
12540	3.97	0.98	3287.83
12570	3.97	0.98	3296.00
12600	3.98	0.98	3304.17
12630	3.98	0.98	3312.33
12660	3.98	0.98	3320.50
12690	3.98	0.98	3328.67
12720	3.98	0.98	3336.83
12750	3.98	0.98	3345.00
12780	3.98	0.98	3353.17
12810	3.98	0.98	3361.33
12840	3.98	0.98	3369.50
12870	3.99	0.98	3377.67
12900	3.99	0.98	3385.83
12930	3.99	0.98	3394.00
12960	3.99	0.98	3402.17
12990	3.99	0.98	3410.33
13020	3.99	0.98	3418.50
13050	4.00	0.99	3426.75
13080	4.00	0.99	3435.00
13110	4.00	0.99	3443.25
13140	4.00	0.99	3451.50
13170	4.00	0.99	3459.75
13200	4.00	0.99	3468.00
13230	4.01	0.99	3476.25
13260	4.01	0.99	3484.50
13290	4.01	0.99	3492.75
13320	4.01	0.99	3501.00
13350	4.01	0.99	3509.25
13380	4.01	0.99	3517.50
13410	4.02	0.99	3525.75
13440	4.02	0.99	3534.00
13470	4.02	0.99	3542.25
13500	4.02	0.99	3550.50
13530	4.02	0.99	3558.75
13560	4.03	0.99	3567.00
13590	4.03	0.98	3575.17
13620	4.03	0.98	3583.33
13650	4.03	0.98	3591.50
13680	4.03	0.98	3599.67
13710	4.03	0.98	3607.83
13740	4.04	0.98	3616.00
13770	4.04	0.98	3624.17
13800	4.04	0.98	3632.33
13830	4.04	0.98	3640.50
13860	4.04	0.98	3648.67
13890	4.05	0.98	3656.83
13920	4.05	0.98	3665.00
13950	4.05	0.98	3673.17
13980	4.05	0.98	3681.33
14010	4.06	0.98	3689.50
14040	4.06	0.98	3697.67
14070	4.06	0.98	3705.83
14100	4.06	0.98	3714.00
14130	4.06	0.98	3722.17
14160	4.07	0.98	3730.33
14190	4.07	0.98	3738.50
14220	4.07	0.98	3746.67
14250	4.07	0.98	3754.83
14280	4.08	0.98	3763.00
14310	4.08	0.98	3771.17
14340	4.08	0.98	3779.33
14370	4.08	0.98	3787.50
14400	4.08	0.98	3795.67
14430	4.09	0.98	3803.83
14460	4.09	0.98	3812.00
14490	4.09	0.98	3820.17
14520	4.09	0.98	3828.33
14550	4.10	0.98	3836.50
14580	4.10	0.98	3844.67
14610	4.10	0.98	3852.83
14640	4.10	0.98	3861.00
14670	4.10	0.98	3869.17
14700	4.11	0.98	3877.33
14730	4.11	0.98	3885.50
14760	4.11	0.98	3893.67
14790	4.11	0.98	3901.83
14820	4.11	0.98	3910.00
14850	4.11	0.98	3918.17
14880	4.11	0.98	3926.33
14910	4.12	0.98	3934.50
14940	4.12	0.98	3942.67
14970	4.12	0.98	3950.83
15000	4.12	0.98	3959.00
15030	4.12	0.98	3967.17
15060	4.13	0.98	3975.33
15090	4.13	0.99	3983.58
15120	4.13	0.99	3991.83
15150	4.13	0.99	4000.08
15180	4.13	0.99	4008.33
15210	4.13	0.99	4016.58
15240	4.14	0.99	4024.83
15270	4.14	0.99	4033.08
15300	4.14	0.99	4041.33
15330	4.14	0.99	4049.58
15360	4.14	0.99	4057.83
15390	4.14	0.99	4066.08
15420	4.14	0.99	4074.33
15450	4.14	0.99	4082.58
15480	4.15	0.99	4090.83
15510	4.15	0.99	4099.08
15540	4.15	0.99	4107.33
15570	4.15	0.99	4115.58
15600	4.15	0.99	4123.83
15630	4.15	0.99	4132.08
15660	4.15	0.99	4140.33
15690	4.15	0.99	4148.58
15720	4.15	0.99	4156.83
15750	4.15	0.99	4165.08
15780	4.15	0.99	4173.33
15810	4.15	0.99	4181.58
15840	4.15	0.99	4189.83
15870	4.15	0.98	4198.00
15900	4.15	0.98	4206.17
15930	4.16	0.98	4214.33
15960	4.16	0.98	4222.50
15990	4.16	0.98	4230.67
16020	4.16	0.98	4238.83
16050	4.16	0.97	4246.92
16080	4.16	0.97	4255.00
16110	4.16	0.97	4263.08
16140	4.16	0.95	4271.00
16170	4.16	0.95	4278.92
16200	4.16	0.95	4286.83
16230	4.16	0.94	4294.67
16260	4.16	0.94	4302.50
16290	4.16	0.93	4310.25
16320	4.16	0.93	4318.00
16350	4.16	0.93	4325.75
16380	4.16	0.92	4333.42
16410	4.16	0.92	4341.08
16440	4.16	0.90	4348.58
16470	4.16	0.90	4356.08
16500	4.16	0.90	4363.58
16530	4.16	0.90	4371.08
16560	4.16	0.90	4378.58
16590	4.16	0.88	4385.92
16620	4.16	0.88	4393.25
16650	4.16	0.87	4400.50
16680	4.16	0.86	4407.67
16710	4.16	0.86	4414.83
16740	4.16	0.86	4422.00
16770	4.16	0.86	4429.17
16800	4.16	0.85	4436.25
16830	4.16	0.84	4443.25
16860	4.16	0.84	4450.25
16890	4.16	0.84	4457.25
16920	4.16	0.83	4464.17
16950	4.16	0.83	4471.08
16980	4.16	0.81	4477.83
17010	4.16	0.81	4484.58
17040	4.16	0.80	4491.25
17070	4.16	0.79	4497.83
17100	4.17	0.79	4504.42
17130	4.17	0.78	4510.92
17160	4.17	0.77	4517.33
17190	4.17	0.77	4523.75
17220	4.17	0.76	4530.08
17250	4.17	0.75	4536.33
17280	4.17	0.73	4542.42
17310	4.17	0.72	4548.42
17340	4.17	0.72	4554.42
17370	4.17	0.72	4560.42
17400	4.17	0.72	4566.42
17430	4.17	0.72	4572.42
17460	4.17	0.70	4578.25
17490	4.17	0.70	4584.08
17520	4.17	0.70	4589.92
17550	4.17	0.70	4595.75
17580	4.17	0.68	4601.42
17610	4.17	0.66	4606.92
17640	4.17	0.66	4612.42
17670	4.17	0.66	4617.92
17700	4.17	0.66	4623.42
17730	4.17	0.65	4628.83
17760	4.17	0.65	4634.25
17790	4.17	0.64	4639.58
17820	4.17	0.63	4644.83
17850	4.17	0.62	4650.00
17880	4.17	0.60	4655.00
17910	4.17	0.60	4660.00
17940	4.18	0.59	4664.92
17970	4.18	0.58	4669.75
18000	4.18	0.56	4674.42
18030	4.18	0.56	4679.08
18060	4.18	0.54	4683.58
18090	4.18	0.53	4688.00
18120	4.18	0.53	4692.42
18150	4.18	0.52	4696.75
18180	4.18	0.50	4700.92
18210	4.18	0.50	4705.08
18240	4.18	0.49	4709.17
18270	4.18	0.48	4713.17
18300	4.18	0.47	4717.08
18330	4.18	0.46	4720.92
18360	4.18	0.45	4724.67
18390	4.18	0.44	4728.33
18420	4.18	0.44	4732.00
18450	4.18	0.40	4735.33
18480	4.18	0.39	4738.58
18510	4.18	0.39	4741.83
18540	4.18	0.39	4745.08
18570	4.18	0.39	4748.33
18600	4.18	0.39	4751.58
18630	4.18	0.38	4754.75
18660	4.18	0.36	4757.75
18690	4.18	0.36	4760.75
18720	4.18	0.35	4763.67
18750	4.18	0.35	4766.58
18780	4.18	0.33	4769.33
18810	4.18	0.32	4772.00
18840	4.19	0.31	4774.58
18870	4.18	0.30	4777.08
18900	4.19	0.29	4779.50
18930	4.19	0.29	4781.92
18960	4.19	0.28	4784.25
18990	4.19	0.27	4786.50
19020	4.19	0.27	4788.75
19050	4.19	0.27	4791.00
19080	4.19	0.27	4793.25
19110	4.19	0.27	4795.50
19140	4.19	0.24	4797.50
19170	4.19	0.23	4799.42
19200	4.19	0.22	4801.25
19230	4.19	0.22	4803.08
19260	4.19	0.22	4804.92
19290	4.19	0.22	4806.75
19320	4.19	0.22	4808.58
19350	4.19	0.20	4810.25
19380	4.19	0.19	4811.83
19410	4.19	0.19	4813.42
19440	4.19	0.19	4815.00
19470	4.19	0.18	4816.50
19500	4.19	0.18	4818.00
19530	4.19	0.17	4819.42
19650	4.19	0.14	4820.58
19680	4.19	0.14	4821.75
19710	4.19	0.15	4823.00
19740	4.19	0.15	4824.25
19770	4.19	0.14	4825.42
19800	4.19	0.14	4826.58
19830	4.19	0.14	4827.75
19860	4.19	0.14	4828.92
19890	4.19	0.14	4830.08
19920	4.19	0.12	4831.08
19950	4.19	0.11	4832.00
19980	4.20	0.00	4832.00
19980	4.20	1.03	0.00
19990	4.14	1.03	1.00
20000	4.13	1.03	4.00
20010	4.12	1.03	10.00
20040	4.11	1.02	18.00
20070	4.11	1.02	27.00
20100	4.10	1.02	35.00
20130	4.10	1.02	44.00
20160	4.10	1.02	52.00
20190	4.09	1.02	61.00
20220	4.09	1.02	69.00
20250	4.08	1.02	78.00
20280	4.08	1.01	86.00
20310	4.07	1.01	95.00
20340	4.07	1.01	103.00
20370	4.07	1.01	112.00
20400	4.07	1.01	120.00
20430	4.06	1.01	129.00
20460	4.06	1.01	136.00
20490	4.06	1.01	136.00
20520	4.06	1.01	153.00
20550	4.06	1.01	161.00
20580	4.06	1.01	170.00
20610	4.06	1.01	178.00
20640	4.05	1.01	176.00
20730	4.04	1.00	211.00
20850	4.04	1.00	246.00
20970	4.03	1.00	279.00
21210	4.03	1.00	346.00
21390	4.02	1.00	396.00
21630	4.02	1.00	463.00
21840	4.02	1.00	521.00
21930	4.01	1.00	546.00
22170	4.01	1.00	612.00
22350	4.01	1.00	662.00
22470	4.00	1.00	696.00
22650	4.00	0.99	746.00
22770	3.99	0.99	779.00
22980	3.98	0.99	837.00
23190	3.97	0.99	895.00
23340	3.96	0.99	936.00
23460	3.96	0.98	969.00
23490	3.95	0.98	977.00
23640	3.94	0.98	1018.00
23760	3.93	0.98	1058.00
23910	3.92	0.98	1092.00
23940	3.92	0.97	1100.00
24030	3.91	0.97	1124.00
24180	3.90	0.97	1165.00
24300	3.89	0.97	1197.00
24480	3.88	0.97	1245.00
24600	3.88	0.96	1278.00
24630	3.87	0.96	1286.00
24810	3.86	0.96	1334.00
24990	3.85	0.96	1382.00
25200	3.84	0.96	1438.00
25440	3.83	0.95	1494.00
25650	3.82	0.95	1557.00
25890	3.81	0.95	1621.00
26190	3.80	0.95	1700.00
26340	3.80	0.94	1740.00
26430	3.79	0.94	1763.00
26610	3.78	0.94	1818.00
26880	3.77	0.94	1881.00
27090	3.76	0.94	1936.00
27240	3.76	0.93	1975.00
27330	3.75	0.93	1998.00
27540	3.74	0.93	2053.00
27750	3.73	0.93	2107.00
27930	3.72	0.93	2154.00
28050	3.72	0.92	2185.00
28140	3.71	0.92	2208.00
28350	3.70	0.92	2261.00
28500	3.69	0.92	2300.00
28710	3.68	0.92	2354.00
28830	3.68	0.91	2385.00
28950	3.67	0.91	2415.00
29100	3.66	0.91	2453.00
29280	3.65	0.91	2499.00
29460	3.64	0.91	2544.00
29580	3.64	0.90	2575.00
29670	3.63	0.90	2597.00
29880	3.62	0.90	2650.00
30090	3.61	0.90	2703.00
30330	3.60	0.90	2770.00
30480	3.60	0.89	2800.00
30600	3.59	0.89	2830.00
30840	3.58	0.89	2890.00
31080	3.57	0.89	2949.00
31350	3.56	0.89	3015.00
31500	3.56	0.88	3052.00
31620	3.55	0.88	3082.00
31860	3.54	0.88	3141.00
32070	3.53	0.88	3192.00
32370	3.52	0.88	3266.00
32460	3.52	0.87	3287.00
32550	3.51	0.87	3309.00
32790	3.50	0.87	3367.00
33000	3.49	0.87	3418.00
33210	3.48	0.87	3469.00
33330	3.48	0.86	3498.00
33390	3.47	0.86	3512.00
33570	3.46	0.86	3555.00
33750	3.45	0.86	3598.00
33930	3.44	0.86	3642.00
34020	3.44	0.85	3663.00
34110	3.43	0.85	3684.00
34290	3.42	0.85	3727.00
34500	3.41	0.85	3777.00
34770	3.40	0.85	3841.00
34950	3.40	0.84	3883.00
35010	3.39	0.84	3897.00
35220	3.38	0.84	3946.00
35400	3.37	0.84	3988.00
35580	3.36	0.84	4030.00
35670	3.36	0.83	4051.00
35730	3.35	0.83	4065.00
35850	3.34	0.83	4093.00
35910	3.33	0.83	4107.00
36030	3.32	0.83	4134.00
36060	3.32	0.82	4141.00
36120	3.31	0.82	4155.00
36210	3.30	0.82	4176.00
36300	3.29	0.82	4196.00
36390	3.28	0.82	4217.00
36450	3.27	0.81	4230.00
36540	3.26	0.81	4250.00
36600	3.25	0.81	4264.00
36690	3.24	0.81	4284.00
36750	3.23	0.80	4287.00
36810	3.22	0.80	4311.00
36870	3.21	0.80	4324.00
36960	3.20	0.80	4344.00
37020	3.19	0.79	4357.00
37080	3.18	0.79	4371.00
37140	3.17	0.79	4384.00
37200	3.16	0.79	4397.00
37260	3.15	0.78	4410.00
37290	3.14	0.78	4416.00
37350	3.13	0.78	4430.00
37410	3.12	0.78	4443.00
37470	3.11	0.77	4455.00
37530	3.10	0.77	4468.00
37590	3.09	0.77	4481.00
37650	3.08	0.77	4494.00
37710	3.07	0.76	4507.00
37770	3.06	0.76	4520.00
37830	3.05	0.76	4532.00
37890	3.04	0.76	4545.00
37950	3.03	0.75	4557.00
37980	3.02	0.75	4564.00
38040	3.01	0.75	4576.00
38100	3.00	0.75	4589.00
38160	2.99	0.74	4601.00
38220	2.98	0.74	4614.00
38250	2.97	0.74	4620.00
38280	2.96	0.74	4626.00
38310	2.96	0.73	4632.00
38340	2.95	0.73	4638.00
38370	2.94	0.73	4644.00
38490	2.92	0.72	4668.00
38550	2.90	0.72	4680.00
38700	2.86	0.71	4710.00
38760	2.84	0.71	4722.00
38790	2.83	0.70	4728.00
38880	2.80	0.70	4745.00
38970	2.77	0.69	4762.00
39030	2.75	0.68	4774.00
39120	2.70	0.67	4791.00
39150	2.69	0.67	4787.00
39180	2.68	0.66	4802.00
39210	2.66	0.66	4808.00
39270	2.63	0.65	4819.00
39300	2.61	0.65	4824.00
39330	2.59	0.64	4829.00
39360	2.57	0.64	4835.00
39390	2.55	0.63	4840.00
39420	2.53	0.63	4845.00
39450	2.50	0.62	4850.00
