0.00	33.46	27.26	6.20
30.00	33.27	27.26	6.01
60.00	33.37	27.35	6.02
90.00	33.37	27.35	6.02
120.00	33.46	27.35	6.11
150.00	33.46	27.26	6.20
180.00	33.46	27.26	6.20
210.00	33.46	27.17	6.29
240.00	33.46	27.17	6.29
270.00	33.46	27.26	6.20
301.00	33.37	27.26	6.11
331.00	33.27	27.26	6.01
361.00	33.37	27.26	6.11
391.00	33.37	27.17	6.20
421.00	33.46	27.17	6.29
1563.00	32.51	26.64	5.87
1593.00	32.41	26.64	5.77
1623.00	32.51	26.55	5.96
1653.00	32.60	26.64	5.96
1683.00	32.60	26.64	5.96
1713.00	32.89	26.55	6.34
1743.00	32.89	26.64	6.25
1773.00	32.89	26.64	6.25
1803.00	32.79	26.55	6.24
1833.00	32.89	26.46	6.43
1863.00	32.98	26.46	6.52
1893.00	33.08	26.37	6.71
1924.00	33.27	26.46	6.81
1954.00	33.18	26.46	6.72
1984.00	33.37	26.55	6.82
2014.00	33.37	26.73	6.64
2044.00	33.66	26.82	6.84
2074.00	33.56	26.91	6.65
2104.00	33.75	26.99	6.76
2134.00	33.95	26.91	7.04
2164.00	34.04	26.99	7.05
2194.00	34.24	26.99	7.25
2224.00	34.14	26.91	7.23
2254.00	34.14	26.99	7.15
2284.00	34.33	26.99	7.34
2314.00	34.24	26.99	7.25
2344.00	34.43	26.91	7.52
2374.00	34.24	26.91	7.33
2404.00	34.43	26.99	7.44
2434.00	34.43	26.99	7.44
2465.00	34.53	26.91	7.62
2495.00	34.53	26.99	7.54
2525.00	34.63	26.99	7.64
2555.00	34.33	26.99	7.34
2585.00	34.43	26.99	7.44
2615.00	34.53	26.99	7.54
2645.00	34.53	26.99	7.54
2675.00	34.43	26.99	7.44
2705.00	34.82	26.99	7.83
2735.00	34.73	26.99	7.74
2765.00	35.02	26.99	8.03
2825.00	34.92	26.99	7.93
2855.00	35.02	26.99	8.03
2885.00	34.92	26.99	7.93
2915.00	34.82	26.99	7.83
2945.00	35.02	26.99	8.03
2975.00	35.12	26.99	8.13
3006.00	35.02	26.99	8.03
3036.00	35.02	26.99	8.03
3066.00	34.92	26.99	7.93
3096.00	35.02	26.99	8.03
3126.00	35.02	26.99	8.03
3156.00	35.22	26.99	8.23
3186.00	35.32	26.99	8.33
3216.00	35.32	26.99	8.33
3246.00	35.32	26.99	8.33
3276.00	35.22	26.99	8.23
3306.00	35.22	27.17	8.05
3336.00	35.22	27.17	8.05
3366.00	35.02	27.17	7.85
3396.00	34.92	27.17	7.75
3426.00	34.63	27.17	7.46
3456.00	35.02	27.17	7.85
3486.00	35.32	27.17	8.15
3516.00	34.82	27.17	7.65
3546.00	35.02	27.17	7.85
3577.00	35.02	27.17	7.85
3607.00	35.02	27.17	7.85
3637.00	35.12	27.17	7.95
3667.00	35.12	27.17	7.95
3697.00	35.02	27.17	7.85
3727.00	34.92	27.17	7.75
3757.00	35.22	27.17	8.05
3787.00	34.92	27.17	7.75
3817.00	35.02	27.17	7.85
3847.00	34.92	27.17	7.75
3877.00	35.02	27.17	7.85
3907.00	34.92	27.17	7.75
3937.00	35.12	27.17	7.95
3967.00	36.11	27.17	8.94
3997.00	35.12	27.17	7.95
4027.00	35.22	27.17	8.05
4057.00	35.22	27.17	8.05
4088.00	35.32	27.17	8.15
4118.00	35.02	27.17	7.85
4148.00	35.22	27.17	8.05
4178.00	35.02	27.17	7.85
4208.00	35.22	27.17	8.05
4238.00	35.42	27.26	8.16
4268.00	35.12	27.17	7.95
4298.00	35.12	27.17	7.95
4328.00	35.22	27.17	8.05
4358.00	35.22	27.17	8.05
4388.00	35.12	27.17	7.95
4418.00	35.22	27.17	8.05
4448.00	35.02	27.17	7.85
4478.00	35.32	27.17	8.15
4508.00	35.12	27.17	7.95
4538.00	35.32	27.17	8.15
4568.00	35.32	27.17	8.15
4598.00	35.22	27.17	8.05
4628.00	35.22	27.17	8.05
4659.00	35.12	27.17	7.95
4689.00	35.12	27.17	7.95
4719.00	35.12	27.17	7.95
4749.00	35.22	27.17	8.05
4779.00	35.32	27.17	8.15
4809.00	35.12	27.17	7.95
4839.00	35.02	27.17	7.85
4869.00	35.12	27.17	7.95
4899.00	35.12	27.17	7.95
4929.00	35.02	27.17	7.85
4959.00	35.22	27.35	7.87
4989.00	35.32	27.71	7.61
5019.00	35.02	27.62	7.40
9109.00	33.85	26.99	6.86
9139.00	34.04	26.99	7.05
9169.00	34.04	26.99	7.05
9199.00	34.04	26.99	7.05
9229.00	33.95	26.82	7.13
9259.00	33.95	26.91	7.04
9289.00	33.85	26.99	6.86
9319.00	33.75	26.99	6.76
9349.00	34.04	26.91	7.13
9379.00	33.95	26.99	6.96
9409.00	33.75	26.91	6.84
9439.00	34.82	26.91	7.91
9469.00	33.95	26.99	6.96
9499.00	33.56	26.91	6.65
9529.00	33.95	26.91	7.04
9560.00	33.95	26.91	7.04
9590.00	33.66	26.82	6.84
9620.00	33.85	26.99	6.86
9650.00	33.66	26.99	6.67
9680.00	33.66	26.91	6.75
9710.00	33.85	26.99	6.86
9740.00	33.75	26.91	6.84
9770.00	33.56	26.91	6.65
9800.00	33.56	26.99	6.57
9830.00	33.75	26.99	6.76
9860.00	33.75	26.99	6.76
9890.00	33.75	26.99	6.76
9920.00	33.75	26.99	6.76
9950.00	33.66	26.99	6.67
9980.00	33.75	26.99	6.76
10040.00	33.46	26.99	6.47
10070.00	33.56	26.99	6.57
10101.00	33.56	26.99	6.57
10131.00	33.85	26.99	6.86
10161.00	33.46	26.99	6.47
10191.00	33.46	26.82	6.64
10221.00	33.56	26.91	6.65
10251.00	33.66	26.91	6.75
10281.00	33.46	26.99	6.47
10311.00	33.66	26.99	6.67
10341.00	33.56	26.99	6.57
10371.00	33.66	26.99	6.67
10401.00	33.56	26.91	6.65
10431.00	33.46	26.91	6.55
10461.00	33.37	26.91	6.46
10491.00	33.37	26.91	6.46
10521.00	33.56	26.99	6.57
10551.00	33.27	26.91	6.36
10581.00	33.27	26.99	6.28
10611.00	33.27	26.91	6.36
10642.00	33.18	26.99	6.19
10672.00	33.18	26.99	6.19
10702.00	33.18	26.91	6.27
10732.00	33.95	26.82	7.13
10762.00	33.18	26.99	6.19
10792.00	33.37	26.99	6.38
10822.00	33.27	26.99	6.28
10852.00	33.37	26.91	6.46
10882.00	33.18	26.99	6.19
10912.00	33.37	26.99	6.38
10942.00	33.27	26.91	6.36
10972.00	32.98	26.99	5.99
11002.00	33.18	26.99	6.19
11032.00	33.27	26.99	6.28
11062.00	33.27	26.99	6.28
11092.00	32.89	26.91	5.98
11122.00	33.27	26.91	6.36
11152.00	33.37	26.99	6.38
11183.00	33.18	26.91	6.27
11213.00	33.18	26.91	6.27
11243.00	33.27	26.99	6.28
11273.00	33.18	26.91	6.27
11303.00	32.89	26.91	5.98
11333.00	33.37	26.99	6.38
11363.00	33.18	26.99	6.19
11393.00	33.27	26.99	6.28
11423.00	33.27	26.99	6.28
11453.00	33.27	26.99	6.28
11483.00	33.46	26.99	6.47
11513.00	33.27	26.91	6.36
11543.00	33.08	26.99	6.09
11573.00	33.27	26.99	6.28
11603.00	33.18	26.91	6.27
11633.00	33.18	26.91	6.27
11663.00	33.18	26.99	6.19
11693.00	33.18	26.99	6.19
11724.00	33.08	26.99	6.09
11754.00	33.27	26.91	6.36
11784.00	33.27	26.99	6.28
11814.00	33.75	26.91	6.84
11844.00	32.89	26.91	5.98
11874.00	33.08	26.99	6.09
11904.00	32.89	26.99	5.90
11934.00	32.98	26.99	5.99
11964.00	32.89	26.99	5.90
11994.00	32.98	26.99	5.99
12024.00	32.98	26.99	5.99
12054.00	32.98	26.99	5.99
12084.00	33.08	26.99	6.09
12114.00	33.18	26.99	6.19
12144.00	33.27	26.99	6.28
12174.00	32.98	26.99	5.99
12265.00	32.98	26.99	5.99
12295.00	32.79	26.99	5.80
12325.00	32.98	26.99	5.99
12355.00	32.98	26.99	5.99
12385.00	32.70	26.99	5.71
12415.00	32.79	26.99	5.80
12445.00	32.89	26.99	5.90
12475.00	32.89	26.99	5.90
12505.00	32.79	26.99	5.80
12535.00	32.98	26.99	5.99
12565.00	32.89	26.91	5.98
12595.00	32.60	26.99	5.61
12625.00	32.60	26.99	5.61
12655.00	32.79	26.99	5.80
12685.00	32.79	26.99	5.80
12715.00	32.79	26.99	5.80
12745.00	32.60	26.99	5.61
12775.00	32.60	26.99	5.61
12806.00	32.79	26.99	5.80
12836.00	32.98	26.99	5.99
12866.00	32.89	26.91	5.98
12896.00	32.89	26.91	5.98
12926.00	32.79	26.99	5.80
12956.00	32.79	26.91	5.88
12986.00	32.79	26.99	5.80
13016.00	32.79	26.91	5.88
13046.00	32.70	26.91	5.79
13076.00	32.79	26.91	5.88
13106.00	32.79	26.99	5.80
13136.00	32.79	26.99	5.80
13166.00	32.79	26.99	5.80
13196.00	32.89	26.99	5.90
13226.00	32.70	26.91	5.79
13256.00	32.60	26.91	5.69
13286.00	32.79	26.91	5.88
13316.00	32.89	26.91	5.98
13347.00	32.79	26.99	5.80
13587.00	32.60	26.99	5.61
13617.00	32.70	26.91	5.79
13647.00	32.60	26.99	5.61
13677.00	32.60	26.91	5.69
13707.00	32.51	26.99	5.52
13737.00	32.41	26.91	5.50
13767.00	32.60	26.91	5.69
13797.00	32.70	26.91	5.79
13827.00	32.70	26.99	5.71
13857.00	32.60	26.91	5.69
13887.00	32.60	26.91	5.69
13918.00	32.79	26.99	5.80
13948.00	32.51	26.91	5.60
13978.00	32.41	26.99	5.42
14008.00	32.70	26.99	5.71
14038.00	32.70	26.99	5.71
14068.00	32.60	26.91	5.69
14098.00	32.79	26.91	5.88
14128.00	32.51	26.91	5.60
14158.00	32.60	26.91	5.69
14188.00	32.41	26.91	5.50
14218.00	32.60	26.99	5.61
14248.00	32.60	26.99	5.61
14278.00	32.41	26.91	5.50
14308.00	32.60	26.91	5.69
14338.00	32.22	26.99	5.23
14368.00	32.32	26.99	5.33
14398.00	32.51	26.99	5.52
14428.00	32.51	26.91	5.60
14459.00	32.32	26.91	5.41
14489.00	32.32	26.99	5.33
14519.00	32.41	26.99	5.42
14549.00	32.51	26.99	5.52
14579.00	32.51	26.99	5.52
14609.00	32.41	26.91	5.50
14639.00	32.51	26.91	5.60
14669.00	32.60	26.99	5.61
14699.00	31.94	26.91	5.03
14729.00	32.41	26.91	5.50
14759.00	32.51	26.91	5.60
14789.00	32.41	26.91	5.50
14819.00	32.60	26.91	5.69
14849.00	32.32	26.91	5.41
14879.00	32.22	26.91	5.31
14909.00	32.41	26.99	5.42
14939.00	32.41	26.99	5.42
14969.00	32.32	26.99	5.33
15000.00	32.41	26.99	5.42
15030.00	32.32	26.99	5.33
15060.00	32.32	26.91	5.41
15090.00	32.32	26.91	5.41
15120.00	32.22	26.91	5.31
15150.00	32.22	26.99	5.23
15180.00	32.32	26.91	5.41
15210.00	32.13	26.99	5.14
15240.00	32.13	26.99	5.14
15270.00	32.22	26.91	5.31
15300.00	32.22	26.91	5.31
15330.00	32.22	26.99	5.23
15360.00	32.13	26.99	5.14
15390.00	32.32	26.99	5.33
15420.00	32.03	26.91	5.12
15450.00	32.03	26.99	5.04
15480.00	32.22	26.99	5.23
15510.00	31.94	26.99	4.95
15541.00	32.22	26.99	5.23
15571.00	32.22	26.91	5.31
15601.00	31.94	26.99	4.95
15631.00	32.13	26.99	5.14
15661.00	32.03	26.99	5.04
15691.00	32.03	26.99	5.04
15721.00	31.85	26.99	4.86
15751.00	31.94	26.99	4.95
15781.00	32.03	26.99	5.04
15811.00	32.13	26.99	5.14
15841.00	32.03	26.99	5.04
15871.00	31.85	26.99	4.86
15901.00	31.85	26.99	4.86
15931.00	31.85	26.99	4.86
15991.00	31.75	26.99	4.76
16021.00	31.85	26.99	4.86
16051.00	31.66	26.99	4.67
16082.00	31.75	26.99	4.76
16112.00	31.56	26.99	4.57
16142.00	31.66	26.99	4.67
16172.00	31.66	26.99	4.67
16202.00	31.66	26.99	4.67
16232.00	31.56	26.99	4.57
16262.00	31.75	26.99	4.76
16292.00	31.56	26.91	4.65
16322.00	31.38	26.99	4.39
16352.00	31.47	26.91	4.56
16382.00	31.38	26.99	4.39
16412.00	31.56	26.99	4.57
16442.00	31.47	26.99	4.48
16472.00	31.75	26.99	4.76
16502.00	31.28	26.99	4.29
16532.00	31.28	26.99	4.29
16562.00	31.38	26.91	4.47
16592.00	31.38	26.99	4.39
16623.00	31.28	26.99	4.29
16653.00	31.38	26.99	4.39
16683.00	31.38	26.99	4.39
16713.00	31.38	26.91	4.47
16743.00	31.38	26.99	4.39
16773.00	31.38	26.99	4.39
16803.00	31.38	26.99	4.39
16833.00	31.38	26.99	4.39
16863.00	31.00	26.99	4.01
16893.00	31.00	26.99	4.01
16923.00	31.00	26.91	4.09
16953.00	30.91	26.99	3.92
16983.00	31.00	26.99	4.01
17013.00	30.91	26.99	3.92
17043.00	30.82	26.91	3.91
17073.00	30.91	26.91	4.00
17133.00	30.63	26.99	3.64
17164.00	30.63	26.91	3.72
17194.00	30.63	26.91	3.72
17224.00	30.45	26.91	3.54
17254.00	30.63	26.99	3.64
17284.00	30.63	26.99	3.64
17314.00	30.45	26.99	3.46
17344.00	30.54	26.99	3.55
17374.00	30.45	26.99	3.46
17404.00	30.45	26.99	3.46
17434.00	30.35	26.91	3.44
17464.00	30.35	26.99	3.36
17494.00	30.26	26.99	3.27
17524.00	30.17	26.91	3.26
17554.00	30.17	26.91	3.26
17584.00	29.71	26.91	2.80
17614.00	30.17	26.91	3.26
17644.00	30.26	26.91	3.35
17674.00	30.26	26.91	3.35
17704.00	30.26	26.82	3.44
17735.00	29.99	26.99	3.00
17765.00	29.89	26.99	2.90
17795.00	29.89	26.91	2.98
17825.00	29.89	26.91	2.98
17855.00	29.89	26.99	2.90
17885.00	29.89	26.99	2.90
17915.00	29.89	26.91	2.98
17945.00	29.89	26.91	2.98
17975.00	29.89	26.91	2.98
18005.00	29.71	26.99	2.72
18095.00	29.62	26.99	2.63
18125.00	29.53	26.99	2.54
18155.00	29.53	26.99	2.54
18185.00	29.53	26.99	2.54
18215.00	29.53	26.99	2.54
18245.00	29.62	26.99	2.63
18275.00	29.43	26.91	2.52
18306.00	29.43	26.91	2.52
18336.00	29.43	26.99	2.44
18366.00	29.34	26.99	2.35
18396.00	29.34	26.91	2.43
18426.00	29.25	26.99	2.26
18456.00	29.25	26.99	2.26
18486.00	29.16	26.99	2.17
18516.00	29.25	26.99	2.26
18546.00	29.16	26.99	2.17
18576.00	29.25	26.99	2.26
18606.00	29.16	26.91	2.25
18636.00	29.25	26.99	2.26
18666.00	29.25	26.91	2.34
18696.00	29.16	26.99	2.17
18726.00	29.25	26.99	2.26
18756.00	29.25	26.99	2.26
18786.00	29.25	26.99	2.26
18816.00	29.34	26.99	2.35
18847.00	29.25	26.99	2.26
18877.00	29.25	26.99	2.26
18907.00	29.43	26.99	2.44
18937.00	29.53	26.99	2.54
18967.00	29.43	26.99	2.44
18997.00	29.53	26.99	2.54
19027.00	29.53	26.99	2.54
19057.00	29.71	26.99	2.72
19087.00	29.71	26.99	2.72
19117.00	29.71	26.99	2.72
19147.00	29.71	26.99	2.72
19177.00	29.89	26.91	2.98
19207.00	29.99	26.91	3.08
19267.00	29.99	26.99	3.00
19297.00	30.17	26.91	3.26
19327.00	30.17	26.91	3.26
19357.00	30.17	26.99	3.18
19388.00	30.17	26.99	3.18
19418.00	30.35	26.99	3.36
19448.00	30.35	26.99	3.36
19478.00	30.35	26.99	3.36
19508.00	30.45	26.99	3.46
19538.00	30.45	26.99	3.46
19568.00	30.45	26.91	3.54
19598.00	30.45	26.99	3.46
19628.00	30.54	26.99	3.55
19658.00	30.54	26.99	3.55
19688.00	30.54	26.99	3.55
19718.00	30.63	26.99	3.64
19748.00	30.82	26.91	3.91
19778.00	30.82	26.91	3.91
19808.00	30.82	26.91	3.91
19838.00	30.82	26.91	3.91
19868.00	31.00	26.91	4.09
19899.00	31.00	26.91	4.09
19929.00	30.91	26.91	4.00
19959.00	30.91	26.91	4.00
19989.00	31.00	26.99	4.01
20019.00	31.00	26.99	4.01
20049.00	31.00	26.99	4.01
20079.00	31.00	26.99	4.01
20109.00	31.19	26.99	4.20
20139.00	31.28	26.99	4.29
20169.00	31.28	26.99	4.29
20199.00	31.19	26.99	4.20
20229.00	31.19	26.99	4.20
20259.00	31.38	26.99	4.39
20289.00	31.28	26.99	4.29
20319.00	31.28	26.99	4.29
20349.00	31.66	26.99	4.67
20379.00	31.28	26.99	4.29
20409.00	31.38	26.99	4.39
20439.00	31.38	27.00	4.38
20349.00	31.66	27.00	4.66
20379.00	31.28	27.00	4.28
20409.00	31.38	27.00	4.38
20439.00	31.38	27.00	4.38
20470.00	31.47	26.99	4.48
20500.00	31.56	26.99	4.57
20530.00	31.56	26.99	4.57
20560.00	31.66	26.99	4.67
20590.00	31.56	26.99	4.57
20620.00	31.66	26.99	4.67
20650.00	31.66	26.99	4.67
20680.00	31.66	26.99	4.67
20710.00	31.75	26.99	4.76
20740.00	31.75	26.99	4.76
20770.00	31.85	26.99	4.86
20800.00	31.85	26.99	4.86
20830.00	31.85	26.99	4.86
20860.00	31.85	26.99	4.86
20890.00	31.94	26.99	4.95
20920.00	31.85	26.91	4.94
20950.00	31.85	26.99	4.86
20980.00	31.94	26.91	5.03
21011.00	31.94	26.91	5.03
21041.00	31.94	26.91	5.03
21071.00	32.03	26.99	5.04
21101.00	31.85	26.99	4.86
21131.00	32.03	26.99	5.04
21161.00	32.03	26.99	5.04
21191.00	32.03	26.99	5.04
21221.00	32.13	26.99	5.14
21251.00	32.22	26.99	5.23
21281.00	32.22	26.99	5.23
21311.00	32.13	26.99	5.14
21341.00	32.13	26.99	5.14
21371.00	32.03	26.99	5.04
21401.00	32.13	26.99	5.14
21431.00	32.32	26.99	5.33
21461.00	32.22	26.91	5.31
21491.00	32.22	26.99	5.23
21521.00	32.32	26.99	5.33
21552.00	32.22	26.99	5.23
21582.00	32.41	26.99	5.42
21612.00	32.32	26.99	5.33
21642.00	32.32	26.99	5.33
21672.00	32.32	26.99	5.33
21702.00	32.32	26.99	5.33
21732.00	32.51	26.91	5.60
21762.00	32.32	26.91	5.41
21792.00	32.60	26.99	5.61
21822.00	32.41	26.99	5.42
21852.00	32.41	26.99	5.42
21882.00	32.41	26.99	5.42
21912.00	32.60	26.99	5.61
21942.00	32.51	26.99	5.52
21972.00	32.60	26.99	5.61
22002.00	32.51	26.99	5.52
22032.00	32.41	26.99	5.42
22062.00	32.51	26.99	5.52
22093.00	32.60	26.99	5.61
22123.00	32.60	26.99	5.61
22153.00	32.60	26.99	5.61
22183.00	32.51	26.99	5.52
22213.00	32.51	26.99	5.52
22243.00	32.70	26.99	5.71
22273.00	32.60	26.99	5.61
22303.00	32.60	26.99	5.61
22333.00	32.60	26.99	5.61
22363.00	32.89	26.99	5.90
22393.00	32.70	26.99	5.71
22423.00	32.60	26.99	5.61
22453.00	32.51	26.99	5.52
22483.00	32.98	26.99	5.99
22513.00	32.60	26.99	5.61
22543.00	32.41	26.99	5.42
22573.00	32.70	26.99	5.71
22603.00	32.79	26.99	5.80
22633.00	32.70	26.99	5.71
22664.00	32.79	26.99	5.80
22694.00	32.70	26.99	5.71
22724.00	32.70	26.99	5.71
22754.00	32.51	26.99	5.52
22784.00	32.51	27.17	5.34
22814.00	32.70	27.17	5.53
22844.00	32.70	26.99	5.71
22874.00	32.70	26.99	5.71
22904.00	32.70	26.99	5.71
22934.00	32.60	27.17	5.43
23054.00	32.79	27.17	5.62
23084.00	32.70	27.17	5.53
23114.00	32.70	27.17	5.53
23144.00	32.60	27.17	5.43
23174.00	32.79	26.99	5.80
23204.00	32.79	26.99	5.80
23235.00	32.70	26.99	5.71
23265.00	32.79	27.17	5.62
23295.00	32.98	27.17	5.81
23325.00	32.98	27.17	5.81
23355.00	32.89	27.17	5.72
23385.00	32.89	27.17	5.72
23415.00	32.98	27.17	5.81
23445.00	32.98	27.17	5.81
23475.00	32.79	27.17	5.62
23505.00	32.79	27.17	5.62
23535.00	32.70	27.17	5.53
23565.00	32.79	27.17	5.62
23595.00	32.79	27.17	5.62
23625.00	32.79	27.17	5.62
23655.00	32.79	27.17	5.62
23685.00	32.89	27.17	5.72
23715.00	32.89	27.17	5.72
23746.00	32.79	27.17	5.62
23776.00	32.79	27.17	5.62
23806.00	32.98	27.17	5.81
23836.00	32.98	27.17	5.81
23866.00	32.89	27.17	5.72
23896.00	32.89	27.17	5.72
23926.00	32.79	27.17	5.62
23956.00	32.89	27.17	5.72
23986.00	32.89	27.17	5.72
24016.00	32.79	27.17	5.62
24046.00	32.98	27.17	5.81
24076.00	32.98	27.17	5.81
24106.00	32.89	27.17	5.72
24136.00	32.98	27.17	5.81
24166.00	33.08	27.17	5.91
24196.00	32.98	27.17	5.81
24226.00	32.89	27.17	5.72
24256.00	32.89	27.17	5.72
24286.00	32.89	26.99	5.90
24317.00	32.98	26.99	5.99
24347.00	33.08	27.17	5.91
24377.00	32.98	27.17	5.81
24407.00	32.98	27.17	5.81
24437.00	32.98	27.17	5.81
24467.00	32.98	27.17	5.81
24497.00	32.98	27.17	5.81
24527.00	32.89	27.17	5.72
24557.00	32.98	27.17	5.81
24587.00	32.89	27.17	5.72
24617.00	32.79	27.17	5.62
24647.00	32.89	27.17	5.72
24677.00	32.98	27.17	5.81
24707.00	32.89	27.17	5.72
24737.00	32.79	26.99	5.80
24767.00	32.89	27.17	5.72
24797.00	32.79	27.17	5.62
24827.00	32.41	27.26	5.15
24858.00	32.89	27.17	5.72
24888.00	32.79	27.17	5.62
24918.00	32.79	27.17	5.62
24948.00	32.98	27.17	5.81
24978.00	32.89	27.17	5.72
25008.00	32.79	27.17	5.62
25038.00	32.70	27.26	5.44
25068.00	32.89	27.17	5.72
25098.00	33.08	27.17	5.91
25128.00	32.79	27.17	5.62
25158.00	32.79	27.17	5.62
25188.00	32.60	27.26	5.34
25218.00	32.79	27.17	5.62
25248.00	32.89	27.17	5.72
25278.00	32.89	27.17	5.72
25308.00	32.70	27.17	5.53
25338.00	32.51	27.17	5.34
25368.00	32.70	27.17	5.53
25399.00	32.79	27.26	5.53
25429.00	32.79	27.17	5.62
25459.00	32.70	27.17	5.53
25489.00	32.79	27.26	5.53
25519.00	32.70	27.17	5.53
25248.00	32.89	27.17	5.72
25278.00	32.89	27.17	5.72
25308.00	32.70	27.17	5.53
25338.00	32.51	27.17	5.34
25368.00	32.70	27.17	5.53
25399.00	32.79	27.26	5.53
25429.00	32.79	27.17	5.62
25459.00	32.70	27.17	5.53
25489.00	32.79	27.26	5.53
25519.00	32.70	27.17	5.53
25549.00	32.70	27.17	5.53
25579.00	32.70	27.26	5.44
25609.00	32.51	27.17	5.34
25639.00	32.79	27.17	5.62
25669.00	32.79	27.26	5.53
25699.00	32.60	27.26	5.34
25729.00	32.60	27.26	5.34
25759.00	32.51	27.17	5.34
25789.00	32.51	27.17	5.34
25819.00	32.60	27.17	5.43
25849.00	32.70	27.17	5.53
25879.00	32.51	27.17	5.34
25909.00	32.70	27.17	5.53
25939.00	32.60	27.17	5.43
25970.00	32.51	27.17	5.34
26000.00	32.41	27.17	5.24
26030.00	32.51	27.26	5.25
26060.00	32.51	27.17	5.34
26090.00	32.51	27.17	5.34
26120.00	32.51	27.26	5.25
26150.00	32.51	27.17	5.34
26180.00	32.60	27.17	5.43
26210.00	32.51	27.17	5.34
26240.00	32.51	27.17	5.34
26270.00	32.51	27.26	5.25
26300.00	32.51	27.26	5.25
26330.00	32.51	27.17	5.34
26360.00	32.51	27.26	5.25
26480.00	32.22	27.26	4.96
26511.00	32.41	27.26	5.15
26541.00	32.51	27.26	5.25
26571.00	32.51	27.17	5.34
26601.00	32.32	27.26	5.06
26631.00	32.22	27.26	4.96
26661.00	32.22	27.17	5.05
26691.00	32.32	27.26	5.06
26721.00	32.41	27.26	5.15
26751.00	32.41	27.17	5.24
26781.00	32.32	27.17	5.15
26811.00	32.22	27.26	4.96
26841.00	32.22	27.26	4.96
26871.00	32.32	27.17	5.15
26901.00	32.32	27.26	5.06
26931.00	32.32	27.26	5.06
26961.00	32.22	27.17	5.05
26991.00	32.22	27.26	4.96
27021.00	32.22	27.26	4.96
27052.00	32.22	27.26	4.96
27082.00	32.13	27.17	4.96
27112.00	32.32	27.26	5.06
27142.00	32.22	27.26	4.96
27172.00	32.41	27.26	5.15
27202.00	32.41	27.26	5.15
27232.00	32.32	27.17	5.15
27262.00	32.13	27.17	4.96
27292.00	32.32	27.17	5.15
27322.00	32.22	27.17	5.05
27352.00	32.22	27.26	4.96
27382.00	32.22	27.17	5.05
27412.00	32.32	27.26	5.06
27442.00	32.22	27.26	4.96
27472.00	32.22	27.26	4.96
27502.00	32.13	27.26	4.87
27532.00	32.22	27.35	4.87
27562.00	32.22	27.26	4.96
27593.00	32.32	27.17	5.15
27623.00	32.41	27.17	5.24
27653.00	32.32	27.26	5.06
27683.00	32.22	27.17	5.05
27743.00	32.32	27.35	4.97
27773.00	32.22	27.17	5.05
27803.00	32.32	27.35	4.97
27833.00	32.32	27.26	5.06
27863.00	32.22	27.17	5.05
27893.00	32.22	27.26	4.96
27923.00	32.22	27.35	4.87
27953.00	32.32	27.35	4.97
27983.00	32.32	27.26	5.06
28013.00	32.13	27.35	4.78
28043.00	32.22	27.35	4.87
28073.00	32.22	27.35	4.87
28103.00	32.22	27.35	4.87
28133.00	32.13	27.26	4.87
28164.00	32.13	27.26	4.87
28194.00	32.13	27.26	4.87
28224.00	32.13	27.35	4.78
28254.00	32.13	27.26	4.87
28284.00	32.13	27.26	4.87
28314.00	32.13	27.35	4.78
28344.00	32.13	27.17	4.96
28374.00	32.13	27.26	4.87
28404.00	32.13	27.26	4.87
28434.00	32.22	27.26	4.96
28464.00	32.22	27.35	4.87
28494.00	32.22	27.26	4.96
28524.00	32.13	27.26	4.87
28554.00	32.22	27.26	4.96
28584.00	32.22	27.26	4.96
28614.00	32.22	27.26	4.96
28644.00	32.03	27.35	4.68
28674.00	32.32	27.26	5.06
28705.00	32.32	27.26	5.06
28735.00	32.22	27.26	4.96
28765.00	32.32	27.26	5.06
28795.00	32.13	27.35	4.78
28825.00	32.13	27.26	4.87
28855.00	32.32	27.35	4.97
28885.00	32.22	27.17	5.05
28915.00	32.22	27.26	4.96
28945.00	32.32	27.26	5.06
28975.00	32.22	27.35	4.87
29005.00	32.22	27.26	4.96
29035.00	32.22	27.26	4.96
29065.00	32.22	27.26	4.96
29095.00	32.32	27.26	5.06
29125.00	32.41	27.35	5.06
29155.00	32.51	27.26	5.25
29185.00	32.41	27.26	5.15
29215.00	32.41	27.26	5.15
29246.00	32.32	27.26	5.06
29276.00	32.13	27.26	4.87
29306.00	32.60	27.26	5.34
29336.00	31.94	27.26	4.68
29366.00	32.41	27.26	5.15
29396.00	32.22	27.35	4.87
29426.00	32.22	27.26	4.96
29456.00	32.22	27.35	4.87
29486.00	32.32	27.26	5.06
29516.00	32.32	27.26	5.06
29546.00	32.41	27.35	5.06
29576.00	32.22	27.35	4.87
29606.00	32.32	27.26	5.06
29636.00	32.22	27.35	4.87
29666.00	32.51	27.53	4.98
29696.00	32.22	27.53	4.69
29726.00	32.32	27.53	4.79
29756.00	32.32	27.53	4.79
29787.00	32.32	27.44	4.88
29817.00	32.32	27.35	4.97
29847.00	32.32	27.44	4.88
29877.00	32.32	27.35	4.97
29907.00	32.51	27.35	5.16
29937.00	32.32	27.35	4.97
29967.00	32.41	27.35	5.06
29997.00	32.51	27.35	5.16
30027.00	32.70	27.35	5.35
30087.00	32.60	27.26	5.34
30117.00	32.51	27.35	5.16
30147.00	32.60	27.44	5.16
30177.00	32.51	27.35	5.16
30207.00	32.51	27.35	5.16
30237.00	32.41	27.35	5.06
30267.00	32.51	27.35	5.16
30297.00	32.60	27.35	5.25
30327.00	32.70	27.35	5.35
30358.00	32.60	27.26	5.34
30388.00	32.51	27.26	5.25
30418.00	32.79	27.35	5.44
30448.00	32.70	27.44	5.26
30478.00	32.70	27.35	5.35
30508.00	32.60	27.44	5.16
30538.00	32.70	27.35	5.35
30568.00	32.70	27.35	5.35
30598.00	32.79	27.35	5.44
30628.00	32.89	27.35	5.54
30658.00	32.79	27.35	5.44
30688.00	32.70	27.35	5.35
30718.00	32.51	27.35	5.16
30748.00	32.89	27.35	5.54
30778.00	32.98	27.35	5.63
30808.00	32.89	27.44	5.45
30838.00	32.70	27.26	5.44
30868.00	33.08	27.35	5.73
30899.00	32.89	27.26	5.63
30929.00	32.60	27.35	5.25
30959.00	32.98	27.44	5.54
30989.00	32.98	27.35	5.63
31019.00	32.98	27.44	5.54
31049.00	33.08	27.35	5.73
31079.00	32.89	27.35	5.54
31109.00	32.98	27.35	5.63
31139.00	32.98	27.35	5.63
31169.00	33.27	27.26	6.01
31199.00	33.08	27.26	5.82
31229.00	33.08	27.35	5.73
31289.00	33.08	27.26	5.82
31319.00	33.08	27.35	5.73
31349.00	32.98	27.26	5.72
31379.00	32.98	27.35	5.63
31409.00	33.08	27.44	5.64
31440.00	33.18	27.35	5.83
31470.00	33.08	27.35	5.73
31500.00	33.27	27.26	6.01
31530.00	33.27	27.26	6.01
31560.00	33.18	27.35	5.83
31590.00	33.18	27.35	5.83
31620.00	33.27	27.26	6.01
31650.00	33.27	27.26	6.01
31680.00	33.08	27.35	5.73
31710.00	33.08	27.44	5.64
31740.00	33.27	27.44	5.83
31770.00	33.37	27.53	5.84
31800.00	33.18	27.44	5.74
31830.00	33.37	27.44	5.93
31860.00	33.27	27.44	5.83
31890.00	33.27	27.35	5.92
31920.00	33.37	27.35	6.02
31950.00	33.27	27.26	6.01
31981.00	33.27	27.26	6.01
32011.00	33.37	27.62	5.75
32041.00	33.37	27.62	5.75
32071.00	33.46	27.62	5.84
32101.00	33.46	27.62	5.84
32131.00	33.56	27.53	6.03
32161.00	33.37	27.44	5.93
32191.00	33.46	27.35	6.11
32221.00	33.46	27.35	6.11
32251.00	33.46	27.35	6.11
32281.00	33.46	27.26	6.20
32311.00	33.46	27.26	6.20
32341.00	33.37	27.26	6.11
32371.00	33.46	27.35	6.11
32401.00	33.37	27.44	5.93
32431.00	33.37	27.44	5.93
32491.00	33.37	27.44	5.93
32521.00	33.46	27.44	6.02
32552.00	33.46	27.35	6.11
32582.00	33.37	27.35	6.02
32612.00	33.37	27.35	6.02
32642.00	33.37	27.44	5.93
32672.00	33.37	27.44	5.93
32702.00	33.46	27.44	6.02
32732.00	33.27	27.44	5.83
32762.00	33.37	27.53	5.84
32792.00	33.37	27.53	5.84
32822.00	33.27	27.44	5.83
32852.00	33.27	27.44	5.83
32882.00	33.27	27.44	5.83
32912.00	33.27	27.44	5.83
32942.00	33.46	27.44	6.02
32972.00	33.46	27.44	6.02
33002.00	33.37	27.35	6.02
33032.00	33.27	27.44	5.83
33062.00	33.37	27.44	5.93
33093.00	33.18	27.35	5.83
33123.00	33.08	27.53	5.55
33153.00	33.08	27.35	5.73
33183.00	33.27	27.44	5.83
33213.00	33.27	27.44	5.83
33243.00	33.18	27.35	5.83
33273.00	33.08	27.35	5.73
33303.00	33.18	27.44	5.74
33333.00	33.08	27.35	5.73
33363.00	33.27	27.35	5.92
33393.00	33.18	27.44	5.74
33423.00	33.18	27.44	5.74
33453.00	33.18	27.35	5.83
33483.00	33.08	27.44	5.64
33513.00	33.27	27.44	5.83
33543.00	33.18	27.35	5.83
33573.00	33.18	27.26	5.92
33603.00	33.18	27.35	5.83
33634.00	33.18	27.17	6.01
33664.00	33.27	27.35	5.92
33694.00	33.18	27.35	5.83
33724.00	33.27	27.35	5.92
33754.00	33.08	27.35	5.73
33784.00	33.18	27.35	5.83
33814.00	33.08	27.35	5.73
33844.00	32.89	27.26	5.63
33874.00	32.98	27.26	5.72
33904.00	33.18	27.26	5.92
33934.00	33.08	27.26	5.82
33964.00	33.18	27.26	5.92
33994.00	33.18	27.26	5.92
34024.00	33.08	27.35	5.73
34054.00	32.98	27.26	5.72
34084.00	33.18	27.26	5.92
34114.00	33.18	27.44	5.74
34144.00	33.18	27.26	5.92
34174.00	33.08	27.35	5.73
34205.00	33.27	27.35	5.92
34235.00	33.08	27.26	5.82
34265.00	33.18	27.35	5.83
34295.00	33.18	27.26	5.92
34325.00	33.18	27.26	5.92
34355.00	33.27	27.35	5.92
34385.00	33.27	27.35	5.92
34415.00	33.27	27.35	5.92
34445.00	33.27	27.35	5.92
34475.00	33.27	27.35	5.92
34505.00	33.18	27.35	5.83
34535.00	33.27	27.26	6.01
34565.00	33.18	27.26	5.92
34595.00	33.08	27.26	5.82
34625.00	33.27	27.26	6.01
34655.00	33.18	27.26	5.92
34685.00	33.37	27.26	6.11
34716.00	33.37	27.17	6.20
34746.00	33.27	27.17	6.10
34776.00	33.37	27.17	6.20
34806.00	33.37	27.26	6.11
34836.00	33.46	27.26	6.20
34866.00	33.46	27.26	6.20
34896.00	33.46	27.26	6.20
34926.00	33.37	27.17	6.20
34956.00	33.27	27.26	6.01
34986.00	33.37	27.26	6.11
35016.00	33.27	27.26	6.01
35046.00	33.56	27.35	6.21
35076.00	33.56	27.35	6.21
35106.00	33.46	27.35	6.11
35136.00	33.46	27.35	6.11
35166.00	33.56	27.35	6.21
35196.00	33.56	27.26	6.30
35226.00	33.56	27.26	6.30
35256.00	33.37	27.17	6.20
35287.00	33.27	27.26	6.01
35317.00	33.27	27.35	5.92
35347.00	33.37	27.35	6.02
35377.00	33.27	27.26	6.01
35407.00	33.27	27.35	5.92
35437.00	33.46	27.35	6.11
35467.00	33.37	27.35	6.02
35497.00	33.37	27.26	6.11
35527.00	33.27	27.26	6.01
35557.00	33.27	27.26	6.01
35587.00	33.37	27.26	6.11
35617.00	33.27	27.26	6.01
35647.00	33.37	27.26	6.11
35677.00	33.37	27.35	6.02
35707.00	33.37	27.26	6.11
35737.00	33.37	27.26	6.11
35767.00	33.37	27.26	6.11
35797.00	33.37	27.17	6.20
35828.00	33.56	27.26	6.30
35858.00	33.66	27.26	6.40
35888.00	33.66	27.35	6.31
35918.00	33.56	27.26	6.30
35948.00	33.27	27.26	6.01
35978.00	33.37	27.17	6.20
36008.00	33.56	27.26	6.30
36038.00	33.66	27.26	6.40
36068.00	33.56	27.26	6.30
36098.00	33.46	27.26	6.20
36128.00	33.56	27.26	6.30
36158.00	33.66	27.26	6.40
36188.00	33.46	27.26	6.20
36218.00	33.46	27.26	6.20
36248.00	33.56	27.26	6.30
36278.00	33.56	27.26	6.30
36308.00	33.56	27.26	6.30
36338.00	33.56	27.26	6.30
36369.00	33.46	27.26	6.20
36399.00	33.56	27.26	6.30
36429.00	33.56	27.26	6.30
36459.00	33.56	27.26	6.30
36489.00	33.37	27.17	6.20
36519.00	33.46	27.26	6.20
36549.00	33.56	27.26	6.30
36579.00	33.56	27.26	6.30
36609.00	33.56	27.26	6.30
36639.00	33.37	27.17	6.20
36669.00	33.27	27.26	6.01
36699.00	33.18	27.35	5.83
36729.00	33.18	27.17	6.01
36759.00	33.37	27.26	6.11
36789.00	33.18	27.17	6.01
36819.00	33.37	27.17	6.20
36849.00	33.46	27.26	6.20
36879.00	33.27	27.26	6.01
36910.00	33.37	27.35	6.02
36940.00	33.37	27.35	6.02
36970.00	33.46	27.35	6.11
37000.00	33.46	27.26	6.20
37030.00	33.46	27.26	6.20
37060.00	33.46	27.17	6.29
37090.00	33.46	27.17	6.29
37120.00	33.46	27.26	6.20
37150.00	33.37	27.26	6.11
37180.00	33.27	27.26	6.01
37210.00	33.37	27.26	6.11
37240.00	33.37	27.17	6.20
37270.00	33.46	27.17	6.29
38412.00	32.51	26.64	5.87
33814.00	33.08	27.35	5.73
33844.00	32.89	27.26	5.63
33874.00	32.98	27.26	5.72
33904.00	33.18	27.26	5.92
33934.00	33.08	27.26	5.82
33964.00	33.18	27.26	5.92
33994.00	33.18	27.26	5.92
34024.00	33.08	27.35	5.73
34054.00	32.98	27.26	5.72
34084.00	33.18	27.26	5.92
34114.00	33.18	27.44	5.74
34144.00	33.18	27.26	5.92
34174.00	33.08	27.35	5.73
34205.00	33.27	27.35	5.92
34235.00	33.08	27.26	5.82
34265.00	33.18	27.35	5.83
34295.00	33.18	27.26	5.92
34325.00	33.18	27.26	5.92
34355.00	33.27	27.35	5.92
34385.00	33.27	27.35	5.92
34415.00	33.27	27.35	5.92
34445.00	33.27	27.35	5.92
34475.00	33.27	27.35	5.92
34505.00	33.18	27.35	5.83
34535.00	33.27	27.26	6.01
34565.00	33.18	27.26	5.92
34595.00	33.08	27.26	5.82
34625.00	33.27	27.26	6.01
34655.00	33.18	27.26	5.92
34685.00	33.37	27.26	6.11
34716.00	33.37	27.17	6.20
34746.00	33.27	27.17	6.10
34776.00	33.37	27.17	6.20
34806.00	33.37	27.26	6.11
34836.00	33.46	27.26	6.20
34866.00	33.46	27.26	6.20
34896.00	33.46	27.26	6.20
34926.00	33.37	27.17	6.20
34956.00	33.27	27.26	6.01
34986.00	33.37	27.26	6.11
35016.00	33.27	27.26	6.01
35046.00	33.56	27.35	6.21
35076.00	33.56	27.35	6.21
35106.00	33.46	27.35	6.11
35136.00	33.46	27.35	6.11
35166.00	33.56	27.35	6.21
35196.00	33.56	27.26	6.30
35226.00	33.56	27.26	6.30
35256.00	33.37	27.17	6.20
35287.00	33.27	27.26	6.01
35317.00	33.27	27.35	5.92
35347.00	33.37	27.35	6.02
35377.00	33.27	27.26	6.01
35407.00	33.27	27.35	5.92
35437.00	33.46	27.35	6.11
35467.00	33.37	27.35	6.02
35497.00	33.37	27.26	6.11
35527.00	33.27	27.26	6.01
35557.00	33.27	27.26	6.01
35587.00	33.37	27.26	6.11
35617.00	33.27	27.26	6.01
35647.00	33.37	27.26	6.11
35677.00	33.37	27.35	6.02
35707.00	33.37	27.26	6.11
35737.00	33.37	27.26	6.11
35767.00	33.37	27.26	6.11
35797.00	33.37	27.17	6.20
35828.00	33.56	27.26	6.30
35858.00	33.66	27.26	6.40
35888.00	33.66	27.35	6.31
35918.00	33.56	27.26	6.30
35948.00	33.27	27.26	6.01
35978.00	33.37	27.17	6.20
36008.00	33.56	27.26	6.30
36038.00	33.66	27.26	6.40
36068.00	33.56	27.26	6.30
36098.00	33.46	27.26	6.20
36128.00	33.56	27.26	6.30
36158.00	33.66	27.26	6.40
36188.00	33.46	27.26	6.20
36218.00	33.46	27.26	6.20
36248.00	33.56	27.26	6.30
36278.00	33.56	27.26	6.30
36308.00	33.56	27.26	6.30
36338.00	33.56	27.26	6.30
36369.00	33.46	27.26	6.20
36399.00	33.56	27.26	6.30
36429.00	33.56	27.26	6.30
36459.00	33.56	27.26	6.30
36489.00	33.37	27.17	6.20
36519.00	33.46	27.26	6.20
36549.00	33.56	27.26	6.30
36579.00	33.56	27.26	6.30
36609.00	33.56	27.26	6.30
36639.00	33.37	27.17	6.20
36669.00	33.27	27.26	6.01
36699.00	33.18	27.35	5.83
36729.00	33.18	27.17	6.01
36759.00	33.37	27.26	6.11
36789.00	33.18	27.17	6.01
36819.00	33.37	27.17	6.20
36849.00	33.46	27.26	6.20
36879.00	33.27	27.26	6.01
36910.00	33.37	27.35	6.02
36940.00	33.37	27.35	6.02
36970.00	33.46	27.35	6.11
37000.00	33.46	27.26	6.20
37030.00	33.46	27.26	6.20
37060.00	33.46	27.17	6.29
37090.00	33.46	27.17	6.29
37120.00	33.46	27.26	6.20
37150.00	33.37	27.26	6.11
37180.00	33.27	27.26	6.01
37210.00	33.37	27.26	6.11
37240.00	33.37	27.17	6.20
37270.00	33.46	27.17	6.29
38412.00	32.51	26.64	5.87
